clade_name	Blank1_WH_jun23_nreads.metaphlan	Blank2_WH_jun23_nreads.metaphlan	KH_blank_1_jun23_nreads.metaphlan	KH_blank_2_jun23_nreads.metaphlan	LB_blank_1_jun23_nreads.metaphlan	LB_blank_2_jun23_nreads.metaphlan	MS10790_jun23_nreads.metaphlan	MS10902_jun23_nreads.metaphlan	MS10903_jun23_nreads.metaphlan	MS10904_jun23_nreads.metaphlan	MS11102_jun23_nreads.metaphlan	MS11103_jun23_nreads.metaphlan	MS11107_jun23_nreads.metaphlan	MS11108_jun23_nreads.metaphlan
s__Cutibacterium_acnes	0.0	0.0	0.0	0.0	0.0	53.96172	0.0	0.0	0.0	0.0	0.0	0.0	0.0	0.0
s__Methylorubrum_extorquens	0.0	0.0	0.0	0.0	0.0	29.74427	0.0	0.0	0.0	0.0	0.0	0.0	0.0	0.0
s__Phreatobacter_oligotrophus	0.0	0.0	0.0	0.0	0.0	8.50796	0.0	0.0	0.0	0.0	0.0	0.0	0.0	0.0
s__Mesorhizobium_amorphae	0.0	0.0	0.0	0.0	0.0	7.78605	0.0	0.0	0.0	0.0	0.0	0.0	0.0	0.0
s__Streptosporangium_violaceochromogenes	0.0	0.0	0.0	0.0	0.0	0.0	63.29817	56.26756	64.72805	18.83866	81.53097	48.25018	4.78844	4.03546
s__Peribacillus_simplex	0.0	0.0	0.0	0.0	0.0	0.0	6.24461	0.0	0.0	0.0	0.0	0.0	0.0	0.0
s__Metabacillus_idriensis	0.0	0.0	0.0	0.0	0.0	0.0	5.31567	0.0	0.0	0.0	0.0	0.0	0.0	0.0
s__Afipia_sp_Root123D2	0.0	0.0	0.0	0.0	0.0	0.0	4.4745	0.0	0.0	0.0	0.0	0.0	0.0	0.0
s__Peribacillus_frigoritolerans	0.0	0.0	0.0	0.0	0.0	0.0	4.04027	0.0	0.0	0.0	0.0	0.0	0.0	0.0
s__Chryseosolibacter_histidini	0.0	0.0	0.0	0.0	0.0	0.0	3.04267	0.0	0.0	0.0	0.0	0.0	0.0	0.0
s__Pseudoxanthomonas_mexicana	0.0	0.0	0.0	0.0	0.0	0.0	2.16919	0.0	0.0	0.0	0.0	0.0	0.0	0.0
s__Gottfriedia_solisilvae	0.0	0.0	0.0	0.0	0.0	0.0	1.95664	0.0	0.0	0.0	0.0	0.0	0.0	0.0
s__Chitinophaga_alhagiae	0.0	0.0	0.0	0.0	0.0	0.0	1.95538	0.0	0.0	0.0	0.0	0.0	0.0	0.0
s__Exiguobacterium_sibiricum	0.0	0.0	0.0	0.0	0.0	0.0	1.63805	0.0	0.0	0.0	0.0	0.0	0.0	0.0
s__Mesorhizobium_sp_YM1C_6_2	0.0	0.0	0.0	0.0	0.0	0.0	1.02377	0.0	0.0	0.0	0.0	0.0	0.0	0.03638
s__Chitinophaga_sp_GbtcB8	0.0	0.0	0.0	0.0	0.0	0.0	0.83948	0.0	0.0	0.0	0.0588	0.0	0.0	0.0
s__Bosea_thiooxidans	0.0	0.0	0.0	0.0	0.0	0.0	0.77771	0.0	0.0	0.0	0.0	0.0	0.0	0.0
s__Streptomyces_sp_136MFCol5_1	0.0	0.0	0.0	0.0	0.0	0.0	0.65255	0.0	0.0	0.0	0.0	0.0	0.0	0.0
s__Neobacillus_niacini	0.0	0.0	0.0	0.0	0.0	0.0	0.61925	0.0	0.0	0.0	0.0	0.0	0.0	0.0
s__Bacillus_sp_FJAT_22090	0.0	0.0	0.0	0.0	0.0	0.0	0.47652	0.0	0.0	0.0	0.0	0.0	0.0	0.0
s__GGB2582_SGB3495	0.0	0.0	0.0	0.0	0.0	0.0	0.45645	0.0	0.0	0.0	0.0	0.0	0.0	0.0
s__Bacillus_sp_AFS031507	0.0	0.0	0.0	0.0	0.0	0.0	0.28363	0.0	0.0	0.0	0.0	0.0	0.0	0.0
s__Bacillus_sp_EAC	0.0	0.0	0.0	0.0	0.0	0.0	0.17559	0.0	0.0	0.0	0.0	0.0	0.0	0.0
s__Vitreimonas_flagellata	0.0	0.0	0.0	0.0	0.0	0.0	0.15222	0.0	0.0	0.0	0.0	0.0	0.0	0.0
s__Pseudoxanthomonas_yeongjuensis	0.0	0.0	0.0	0.0	0.0	0.0	0.13447	0.0	0.0	0.0	0.0	0.0	0.0	0.1023
s__Bacillus_sp_FJAT_26652	0.0	0.0	0.0	0.0	0.0	0.0	0.10036	0.0	0.0	0.0	0.0	0.0	0.0	0.0
s__Niabella_pedocola	0.0	0.0	0.0	0.0	0.0	0.0	0.07627	0.0	0.0	0.0	0.0	0.0	0.0	0.0
s__Citrobacter_braakii	0.0	0.0	0.0	0.0	0.0	0.0	0.06777	0.0	0.0	0.0	0.0	0.0	0.0	0.0
s__Sphingopyxis_sp_GW247_27LB	0.0	0.0	0.0	0.0	0.0	0.0	0.02882	0.0	0.0	0.0	0.0	0.0	0.0	0.0
s__Actinomadura_citrea	0.0	0.0	0.0	0.0	0.0	0.0	0.0	21.99581	0.0	0.0	0.0	0.0	0.0	0.0
s__GGB32963_SGB71265	0.0	0.0	0.0	0.0	0.0	0.0	0.0	10.03351	6.19824	0.0	0.65605	0.71661	4.60169	0.29937
s__GGB32910_SGB54460	0.0	0.0	0.0	0.0	0.0	0.0	0.0	4.29356	11.01168	0.0	0.49536	0.10063	6.49907	0.25278
s__GGB32963_SGB54433	0.0	0.0	0.0	0.0	0.0	0.0	0.0	2.89778	0.0	0.0	0.24497	0.41149	1.82134	0.2289
s__Streptosporangium_pseudovulgare	0.0	0.0	0.0	0.0	0.0	0.0	0.0	2.01022	3.19854	0.0	0.8483	3.86253	0.33849	0.33649
s__Streptosporangium_saharense	0.0	0.0	0.0	0.0	0.0	0.0	0.0	1.52307	1.23209	0.0	0.49641	2.21898	0.18876	0.18888
s__Stackebrandtia_nassauensis	0.0	0.0	0.0	0.0	0.0	0.0	0.0	0.97849	0.0	0.0	0.0	0.0	0.0	0.0
s__GGB16996_SGB25597	0.0	0.0	0.0	0.0	0.0	0.0	0.0	0.0	9.38645	0.0	0.0	0.0	0.0	0.0
s__GGB91291_SGB134920	0.0	0.0	0.0	0.0	0.0	0.0	0.0	0.0	3.99866	0.0	0.05849	0.0	0.20099	0.02496
s__Streptosporangium_roseum	0.0	0.0	0.0	0.0	0.0	0.0	0.0	0.0	0.24628	0.0	0.36343	1.00579	0.09661	0.09481
s__GGB92440_SGB133106	0.0	0.0	0.0	0.0	0.0	0.0	0.0	0.0	0.0	44.06713	0.0	0.0	0.48066	0.09547
s__Sutcliffiella_halmapala	0.0	0.0	0.0	0.0	0.0	0.0	0.0	0.0	0.0	24.6936	0.0	0.0	0.0	0.0
s__GGB7499_SGB138240	0.0	0.0	0.0	0.0	0.0	0.0	0.0	0.0	0.0	9.15497	0.0	0.0	0.0	0.0
s__Afipia_felis	0.0	0.0	0.0	0.0	0.0	0.0	0.0	0.0	0.0	1.4796	0.0	0.0	0.0	0.0
s__Starkeya_sp_ORNL1	0.0	0.0	0.0	0.0	0.0	0.0	0.0	0.0	0.0	1.46941	0.0	0.0	0.0	0.0
s__Hyphomicrobium_sp_CS1BSMeth3	0.0	0.0	0.0	0.0	0.0	0.0	0.0	0.0	0.0	0.29663	0.0	0.0	0.0	0.0
s__GGB53673_SGB74810	0.0	0.0	0.0	0.0	0.0	0.0	0.0	0.0	0.0	0.0	6.77455	11.89639	8.8409	10.31018
s__Nitrososphaerales_archaeon_TH5893	0.0	0.0	0.0	0.0	0.0	0.0	0.0	0.0	0.0	0.0	1.80787	6.01603	13.30976	4.24497
s__GGB53671_SGB122549	0.0	0.0	0.0	0.0	0.0	0.0	0.0	0.0	0.0	0.0	1.00573	12.50616	4.46965	16.40246
s__Kibdelosporangium_sp_MJ126_NF4	0.0	0.0	0.0	0.0	0.0	0.0	0.0	0.0	0.0	0.0	0.83691	0.0	0.0	0.0
s__GGB93439_SGB131938	0.0	0.0	0.0	0.0	0.0	0.0	0.0	0.0	0.0	0.0	0.71923	1.44179	8.15506	1.69213
s__GGB52786_SGB73699	0.0	0.0	0.0	0.0	0.0	0.0	0.0	0.0	0.0	0.0	0.50478	0.17272	5.34258	3.87307
s__GGB53661_SGB74794	0.0	0.0	0.0	0.0	0.0	0.0	0.0	0.0	0.0	0.0	0.49282	0.0	0.0	2.25243
s__Thermobispora_bispora	0.0	0.0	0.0	0.0	0.0	0.0	0.0	0.0	0.0	0.0	0.32476	1.21043	0.0599	0.11902
s__GGB91399_SGB134831	0.0	0.0	0.0	0.0	0.0	0.0	0.0	0.0	0.0	0.0	0.24643	0.32174	2.10745	0.60778
s__Hyphomicrobium_album	0.0	0.0	0.0	0.0	0.0	0.0	0.0	0.0	0.0	0.0	0.2293	0.72236	0.79664	0.53142
s__GGB64512_SGB129861	0.0	0.0	0.0	0.0	0.0	0.0	0.0	0.0	0.0	0.0	0.14305	0.17065	0.6016	0.54811
s__Acinetobacter_johnsonii	0.0	0.0	0.0	0.0	0.0	0.0	0.0	0.0	0.0	0.0	0.13885	0.0	0.0	0.0
s__Streptosporangium_subroseum	0.0	0.0	0.0	0.0	0.0	0.0	0.0	0.0	0.0	0.0	0.11399	0.34838	0.03305	0.03491
s__GGB94458_SGB128668	0.0	0.0	0.0	0.0	0.0	0.0	0.0	0.0	0.0	0.0	0.10607	0.36583	0.17708	0.08039
s__GGB94865_SGB129202	0.0	0.0	0.0	0.0	0.0	0.0	0.0	0.0	0.0	0.0	0.1023	0.32496	1.0685	0.54102
s__Nitrososphaerales_unclassified_SGB74812	0.0	0.0	0.0	0.0	0.0	0.0	0.0	0.0	0.0	0.0	0.0944	0.75393	0.05384	0.0
s__Phyllobacteriaceae_bacterium_SYSU_D60010	0.0	0.0	0.0	0.0	0.0	0.0	0.0	0.0	0.0	0.0	0.09224	0.14351	0.0	0.04809
s__Thermostaphylospora_chromogena	0.0	0.0	0.0	0.0	0.0	0.0	0.0	0.0	0.0	0.0	0.08251	0.25202	0.02251	0.03168
s__Nitrososphaerales_archaeon_TH5896	0.0	0.0	0.0	0.0	0.0	0.0	0.0	0.0	0.0	0.0	0.07728	1.04932	0.0	0.05437
s__GGB15815_SGB24062	0.0	0.0	0.0	0.0	0.0	0.0	0.0	0.0	0.0	0.0	0.07376	0.0	1.00891	0.08901
s__GGB64869_SGB87702	0.0	0.0	0.0	0.0	0.0	0.0	0.0	0.0	0.0	0.0	0.07217	0.02013	0.05106	0.02809
s__Nitrospira_sp_SCGC_AG_212_E16	0.0	0.0	0.0	0.0	0.0	0.0	0.0	0.0	0.0	0.0	0.06779	0.1265	0.6191	0.09621
s__Nitrososphaerales_unclassified_SGB69554	0.0	0.0	0.0	0.0	0.0	0.0	0.0	0.0	0.0	0.0	0.06746	0.19895	0.26201	0.13569
s__GGB91384_SGB134809	0.0	0.0	0.0	0.0	0.0	0.0	0.0	0.0	0.0	0.0	0.06349	0.0	0.68367	0.09381
s__GGB44132_SGB129180	0.0	0.0	0.0	0.0	0.0	0.0	0.0	0.0	0.0	0.0	0.05742	0.16828	0.42276	0.39262
s__Streptosporangium_amethystogenes	0.0	0.0	0.0	0.0	0.0	0.0	0.0	0.0	0.0	0.0	0.05332	0.16483	0.02035	0.00936
s__Rhodospirillaceae_bacterium_SYSU_D60009	0.0	0.0	0.0	0.0	0.0	0.0	0.0	0.0	0.0	0.0	0.05128	0.0638	0.391	0.07523
s__GGB91375_SGB134870	0.0	0.0	0.0	0.0	0.0	0.0	0.0	0.0	0.0	0.0	0.05125	0.0	0.45276	0.0492
s__GGB91392_SGB134812	0.0	0.0	0.0	0.0	0.0	0.0	0.0	0.0	0.0	0.0	0.05031	0.0	0.82762	0.11777
s__GGB14621_SGB22159	0.0	0.0	0.0	0.0	0.0	0.0	0.0	0.0	0.0	0.0	0.04289	0.0	0.54357	0.0438
s__Hyphomicrobiales_bacterium	0.0	0.0	0.0	0.0	0.0	0.0	0.0	0.0	0.0	0.0	0.03863	0.33085	0.20372	0.20781
s__GGB89632_SGB125949	0.0	0.0	0.0	0.0	0.0	0.0	0.0	0.0	0.0	0.0	0.03577	0.21731	0.10068	0.0
s__GGB63470_SGB85778	0.0	0.0	0.0	0.0	0.0	0.0	0.0	0.0	0.0	0.0	0.03449	0.0	0.44475	0.00509
s__GGB52660_SGB131926	0.0	0.0	0.0	0.0	0.0	0.0	0.0	0.0	0.0	0.0	0.03265	0.0	1.27004	0.16889
s__GGB64512_SGB87014	0.0	0.0	0.0	0.0	0.0	0.0	0.0	0.0	0.0	0.0	0.03258	0.07083	0.35696	0.30765
s__Thermoleophilia_bacterium_SCSIO_60948	0.0	0.0	0.0	0.0	0.0	0.0	0.0	0.0	0.0	0.0	0.03247	0.09739	0.199	0.11744
s__Luteimonas_sp_SX5	0.0	0.0	0.0	0.0	0.0	0.0	0.0	0.0	0.0	0.0	0.03105	0.0	0.0	0.0
s__GGB8467_SGB13173	0.0	0.0	0.0	0.0	0.0	0.0	0.0	0.0	0.0	0.0	0.02823	0.0	0.67171	0.05612
s__GGB91395_SGB134845	0.0	0.0	0.0	0.0	0.0	0.0	0.0	0.0	0.0	0.0	0.02796	0.0	0.44498	0.0324
s__Lentzea_tibetensis	0.0	0.0	0.0	0.0	0.0	0.0	0.0	0.0	0.0	0.0	0.02796	0.01302	0.0	0.00793
s__GGB91402_SGB134821	0.0	0.0	0.0	0.0	0.0	0.0	0.0	0.0	0.0	0.0	0.02745	0.0	0.3846	0.04162
s__Steroidobacter_denitrificans	0.0	0.0	0.0	0.0	0.0	0.0	0.0	0.0	0.0	0.0	0.02632	0.0	0.04172	0.01288
s__Betaproteobacteria_bacterium_SCGC_AG_212_J23	0.0	0.0	0.0	0.0	0.0	0.0	0.0	0.0	0.0	0.0	0.02577	0.0	0.50905	0.05287
s__GGB91397_SGB134825	0.0	0.0	0.0	0.0	0.0	0.0	0.0	0.0	0.0	0.0	0.0243	0.0	1.12963	0.08591
s__Streptosporangium_becharense	0.0	0.0	0.0	0.0	0.0	0.0	0.0	0.0	0.0	0.0	0.02327	0.08922	0.0	0.00748
s__Gaiella_occulta	0.0	0.0	0.0	0.0	0.0	0.0	0.0	0.0	0.0	0.0	0.02164	0.0	0.19387	0.07984
s__GGB15820_SGB24072	0.0	0.0	0.0	0.0	0.0	0.0	0.0	0.0	0.0	0.0	0.0205	0.0	0.54003	0.06163
s__GGB94514_SGB128778	0.0	0.0	0.0	0.0	0.0	0.0	0.0	0.0	0.0	0.0	0.01861	0.19421	0.28288	0.13523
s__GGB34943_SGB57189	0.0	0.0	0.0	0.0	0.0	0.0	0.0	0.0	0.0	0.0	0.01859	0.0	0.80336	0.1114
s__Nitrososphaerales_archaeon_TH526	0.0	0.0	0.0	0.0	0.0	0.0	0.0	0.0	0.0	0.0	0.01788	0.04893	0.45002	0.15625
s__GGB64512_SGB129853	0.0	0.0	0.0	0.0	0.0	0.0	0.0	0.0	0.0	0.0	0.01696	0.0	1.07864	0.24759
s__GGB52740_SGB73645	0.0	0.0	0.0	0.0	0.0	0.0	0.0	0.0	0.0	0.0	0.01416	0.02071	0.23997	0.08943
s__Luteimonas_gilva	0.0	0.0	0.0	0.0	0.0	0.0	0.0	0.0	0.0	0.0	0.01379	0.0	0.0	0.0
s__Sinosporangium_album	0.0	0.0	0.0	0.0	0.0	0.0	0.0	0.0	0.0	0.0	0.01286	0.05432	0.0	0.0
s__GGB65186_SGB88148	0.0	0.0	0.0	0.0	0.0	0.0	0.0	0.0	0.0	0.0	0.0122	0.0	0.05581	0.00993
s__Kribbella_catacumbae	0.0	0.0	0.0	0.0	0.0	0.0	0.0	0.0	0.0	0.0	0.01106	0.0	0.0	0.0
s__GGB69372_SGB93527	0.0	0.0	0.0	0.0	0.0	0.0	0.0	0.0	0.0	0.0	0.00955	0.09985	0.14659	0.12908
s__GGB94644_SGB128987	0.0	0.0	0.0	0.0	0.0	0.0	0.0	0.0	0.0	0.0	0.00811	0.0	0.14508	0.09666
s__GGB64317_SGB86773	0.0	0.0	0.0	0.0	0.0	0.0	0.0	0.0	0.0	0.0	0.00809	0.0	0.19018	0.0822
s__Streptosporangium_album	0.0	0.0	0.0	0.0	0.0	0.0	0.0	0.0	0.0	0.0	0.00691	0.02259	0.0	0.0
s__GGB78212_SGB107748	0.0	0.0	0.0	0.0	0.0	0.0	0.0	0.0	0.0	0.0	0.00601	0.01924	0.10924	0.09344
s__Streptosporangium_sp_KLBMP_9127	0.0	0.0	0.0	0.0	0.0	0.0	0.0	0.0	0.0	0.0	0.00593	0.0408	0.0	0.0
s__GGB94471_SGB128739	0.0	0.0	0.0	0.0	0.0	0.0	0.0	0.0	0.0	0.0	0.00576	0.0	0.10683	0.09753
s__GGB44392_SGB61810	0.0	0.0	0.0	0.0	0.0	0.0	0.0	0.0	0.0	0.0	0.00535	0.0	0.02515	0.0
s__Thermoactinospora_rubra	0.0	0.0	0.0	0.0	0.0	0.0	0.0	0.0	0.0	0.0	0.00356	0.0	0.0	0.0
s__GGB52794_SGB73708	0.0	0.0	0.0	0.0	0.0	0.0	0.0	0.0	0.0	0.0	0.00328	0.0	0.0	0.00115
s__Acidothermus_cellulolyticus	0.0	0.0	0.0	0.0	0.0	0.0	0.0	0.0	0.0	0.0	0.00321	0.0	0.0	0.0
s__Planobispora_siamensis	0.0	0.0	0.0	0.0	0.0	0.0	0.0	0.0	0.0	0.0	0.00281	0.0	0.0	0.0
s__GGB43991_SGB61363	0.0	0.0	0.0	0.0	0.0	0.0	0.0	0.0	0.0	0.0	0.00268	0.0	0.0	0.0
s__GGB36850_SGB56170	0.0	0.0	0.0	0.0	0.0	0.0	0.0	0.0	0.0	0.0	0.00242	0.0	0.29266	0.04387
s__Actinobacteria_bacterium	0.0	0.0	0.0	0.0	0.0	0.0	0.0	0.0	0.0	0.0	0.00221	0.0	0.11761	0.04108
s__Denitrificimonas_caeni	0.0	0.0	0.0	0.0	0.0	0.0	0.0	0.0	0.0	0.0	0.0	2.13877	0.0	0.48015
s__GGB87586_SGB122575	0.0	0.0	0.0	0.0	0.0	0.0	0.0	0.0	0.0	0.0	0.0	0.68383	0.1698	0.42045
s__Nitrososphaerales_unclassified_SGB122570	0.0	0.0	0.0	0.0	0.0	0.0	0.0	0.0	0.0	0.0	0.0	0.33526	0.12082	0.91419
s__Phytomonospora_endophytica	0.0	0.0	0.0	0.0	0.0	0.0	0.0	0.0	0.0	0.0	0.0	0.26331	0.0	0.0
s__GGB64273_SGB129139	0.0	0.0	0.0	0.0	0.0	0.0	0.0	0.0	0.0	0.0	0.0	0.17574	0.0	0.02605
s__Rhizobacter_sp_Root1221	0.0	0.0	0.0	0.0	0.0	0.0	0.0	0.0	0.0	0.0	0.0	0.07893	0.31014	0.0
s__GGB33998_SGB56062	0.0	0.0	0.0	0.0	0.0	0.0	0.0	0.0	0.0	0.0	0.0	0.0	1.11439	0.02386
s__GGB92448_SGB133122	0.0	0.0	0.0	0.0	0.0	0.0	0.0	0.0	0.0	0.0	0.0	0.0	0.92685	0.11883
s__GGB97328_SGB73517	0.0	0.0	0.0	0.0	0.0	0.0	0.0	0.0	0.0	0.0	0.0	0.0	0.79494	0.0
s__GGB49350_SGB69252	0.0	0.0	0.0	0.0	0.0	0.0	0.0	0.0	0.0	0.0	0.0	0.0	0.73887	0.10554
s__GGB15811_SGB24057	0.0	0.0	0.0	0.0	0.0	0.0	0.0	0.0	0.0	0.0	0.0	0.0	0.67899	0.03786
s__GGB32910_SGB85772	0.0	0.0	0.0	0.0	0.0	0.0	0.0	0.0	0.0	0.0	0.0	0.0	0.59015	0.0
s__GGB78298_SGB107406	0.0	0.0	0.0	0.0	0.0	0.0	0.0	0.0	0.0	0.0	0.0	0.0	0.49973	0.04367
s__GGB36712_SGB24061	0.0	0.0	0.0	0.0	0.0	0.0	0.0	0.0	0.0	0.0	0.0	0.0	0.45865	0.05736
s__GGB93409_SGB131987	0.0	0.0	0.0	0.0	0.0	0.0	0.0	0.0	0.0	0.0	0.0	0.0	0.44876	0.04403
s__GGB95721_SGB125699	0.0	0.0	0.0	0.0	0.0	0.0	0.0	0.0	0.0	0.0	0.0	0.0	0.42878	0.0
s__GGB15817_SGB24066	0.0	0.0	0.0	0.0	0.0	0.0	0.0	0.0	0.0	0.0	0.0	0.0	0.42702	0.05046
s__GGB49444_SGB69550	0.0	0.0	0.0	0.0	0.0	0.0	0.0	0.0	0.0	0.0	0.0	0.0	0.41965	0.50501
s__GGB73405_SGB57195	0.0	0.0	0.0	0.0	0.0	0.0	0.0	0.0	0.0	0.0	0.0	0.0	0.39013	0.02292
s__GGB15819_SGB24071	0.0	0.0	0.0	0.0	0.0	0.0	0.0	0.0	0.0	0.0	0.0	0.0	0.38553	0.0
s__GGB49350_SGB131936	0.0	0.0	0.0	0.0	0.0	0.0	0.0	0.0	0.0	0.0	0.0	0.0	0.37216	0.05873
s__GGB26244_SGB38273	0.0	0.0	0.0	0.0	0.0	0.0	0.0	0.0	0.0	0.0	0.0	0.0	0.36622	0.06603
s__GGB15827_SGB24079	0.0	0.0	0.0	0.0	0.0	0.0	0.0	0.0	0.0	0.0	0.0	0.0	0.36188	0.0
s__GGB40651_SGB56143	0.0	0.0	0.0	0.0	0.0	0.0	0.0	0.0	0.0	0.0	0.0	0.0	0.36184	0.04982
s__GGB93435_SGB131913	0.0	0.0	0.0	0.0	0.0	0.0	0.0	0.0	0.0	0.0	0.0	0.0	0.36038	0.03185
s__GGB92432_SGB133077	0.0	0.0	0.0	0.0	0.0	0.0	0.0	0.0	0.0	0.0	0.0	0.0	0.34796	0.06917
s__GGB52785_SGB73697	0.0	0.0	0.0	0.0	0.0	0.0	0.0	0.0	0.0	0.0	0.0	0.0	0.33211	0.12094
s__Streptomyces_bathyalis	0.0	0.0	0.0	0.0	0.0	0.0	0.0	0.0	0.0	0.0	0.0	0.0	0.31617	0.06458
s__GGB74136_SGB132293	0.0	0.0	0.0	0.0	0.0	0.0	0.0	0.0	0.0	0.0	0.0	0.0	0.31375	0.04086
s__GGB49444_SGB122585	0.0	0.0	0.0	0.0	0.0	0.0	0.0	0.0	0.0	0.0	0.0	0.0	0.27648	0.45441
s__GGB91348_SGB134887	0.0	0.0	0.0	0.0	0.0	0.0	0.0	0.0	0.0	0.0	0.0	0.0	0.27625	0.0
s__GGB93324_SGB131738	0.0	0.0	0.0	0.0	0.0	0.0	0.0	0.0	0.0	0.0	0.0	0.0	0.26933	0.0209
s__GGB61948_SGB84082	0.0	0.0	0.0	0.0	0.0	0.0	0.0	0.0	0.0	0.0	0.0	0.0	0.26148	0.00603
s__GGB52942_SGB52704	0.0	0.0	0.0	0.0	0.0	0.0	0.0	0.0	0.0	0.0	0.0	0.0	0.25945	0.13321
s__GGB52662_SGB73546	0.0	0.0	0.0	0.0	0.0	0.0	0.0	0.0	0.0	0.0	0.0	0.0	0.25887	0.02902
s__GGB49350_SGB131930	0.0	0.0	0.0	0.0	0.0	0.0	0.0	0.0	0.0	0.0	0.0	0.0	0.25474	0.02677
s__GGB92602_SGB133320	0.0	0.0	0.0	0.0	0.0	0.0	0.0	0.0	0.0	0.0	0.0	0.0	0.22694	0.0
s__GGB34048_SGB73551	0.0	0.0	0.0	0.0	0.0	0.0	0.0	0.0	0.0	0.0	0.0	0.0	0.22488	0.0319
s__GGB66013_SGB89422	0.0	0.0	0.0	0.0	0.0	0.0	0.0	0.0	0.0	0.0	0.0	0.0	0.19665	0.07261
s__GGB8530_SGB13265	0.0	0.0	0.0	0.0	0.0	0.0	0.0	0.0	0.0	0.0	0.0	0.0	0.18818	0.12062
s__GGB94410_SGB128214	0.0	0.0	0.0	0.0	0.0	0.0	0.0	0.0	0.0	0.0	0.0	0.0	0.18296	0.20799
s__GGB14617_SGB22154	0.0	0.0	0.0	0.0	0.0	0.0	0.0	0.0	0.0	0.0	0.0	0.0	0.16988	0.00444
s__GGB32486_SGB56139	0.0	0.0	0.0	0.0	0.0	0.0	0.0	0.0	0.0	0.0	0.0	0.0	0.15309	0.01206
s__GGB95275_SGB130650	0.0	0.0	0.0	0.0	0.0	0.0	0.0	0.0	0.0	0.0	0.0	0.0	0.15086	0.01554
s__GGB32516_SGB56643	0.0	0.0	0.0	0.0	0.0	0.0	0.0	0.0	0.0	0.0	0.0	0.0	0.15007	0.04477
s__GGB44695_SGB62151	0.0	0.0	0.0	0.0	0.0	0.0	0.0	0.0	0.0	0.0	0.0	0.0	0.1467	0.14312
s__GGB34048_SGB56130	0.0	0.0	0.0	0.0	0.0	0.0	0.0	0.0	0.0	0.0	0.0	0.0	0.14586	0.0
s__GGB6105_SGB8748	0.0	0.0	0.0	0.0	0.0	0.0	0.0	0.0	0.0	0.0	0.0	0.0	0.14542	0.08693
s__GGB94397_SGB128269	0.0	0.0	0.0	0.0	0.0	0.0	0.0	0.0	0.0	0.0	0.0	0.0	0.14371	0.01765
s__GGB64074_SGB86472	0.0	0.0	0.0	0.0	0.0	0.0	0.0	0.0	0.0	0.0	0.0	0.0	0.13286	0.00629
s__GGB94400_SGB128248	0.0	0.0	0.0	0.0	0.0	0.0	0.0	0.0	0.0	0.0	0.0	0.0	0.13179	0.02458
s__GGB35532_SGB55446	0.0	0.0	0.0	0.0	0.0	0.0	0.0	0.0	0.0	0.0	0.0	0.0	0.12549	0.0
s__GGB94760_SGB129519	0.0	0.0	0.0	0.0	0.0	0.0	0.0	0.0	0.0	0.0	0.0	0.0	0.12445	0.08828
s__GGB49347_SGB128255	0.0	0.0	0.0	0.0	0.0	0.0	0.0	0.0	0.0	0.0	0.0	0.0	0.12048	0.0
s__GGB44129_SGB61523	0.0	0.0	0.0	0.0	0.0	0.0	0.0	0.0	0.0	0.0	0.0	0.0	0.11646	0.10621
s__GGB36005_SGB55867	0.0	0.0	0.0	0.0	0.0	0.0	0.0	0.0	0.0	0.0	0.0	0.0	0.11385	0.07205
s__GGB73399_SGB52699	0.0	0.0	0.0	0.0	0.0	0.0	0.0	0.0	0.0	0.0	0.0	0.0	0.10831	0.05872
s__GGB37354_SGB56640	0.0	0.0	0.0	0.0	0.0	0.0	0.0	0.0	0.0	0.0	0.0	0.0	0.10669	0.0
s__GGB94519_SGB128948	0.0	0.0	0.0	0.0	0.0	0.0	0.0	0.0	0.0	0.0	0.0	0.0	0.09901	0.05075
s__GGB52743_SGB73649	0.0	0.0	0.0	0.0	0.0	0.0	0.0	0.0	0.0	0.0	0.0	0.0	0.09886	0.02559
s__GGB90628_SGB127264	0.0	0.0	0.0	0.0	0.0	0.0	0.0	0.0	0.0	0.0	0.0	0.0	0.08847	0.00116
s__Bradyrhizobium_sp_200	0.0	0.0	0.0	0.0	0.0	0.0	0.0	0.0	0.0	0.0	0.0	0.0	0.08716	0.02809
s__GGB32011_SGB57187	0.0	0.0	0.0	0.0	0.0	0.0	0.0	0.0	0.0	0.0	0.0	0.0	0.0869	0.0
s__Thermoleophilum_album	0.0	0.0	0.0	0.0	0.0	0.0	0.0	0.0	0.0	0.0	0.0	0.0	0.08528	0.0854
s__GGB92565_SGB133354	0.0	0.0	0.0	0.0	0.0	0.0	0.0	0.0	0.0	0.0	0.0	0.0	0.08488	0.00385
s__GGB39851_SGB89662	0.0	0.0	0.0	0.0	0.0	0.0	0.0	0.0	0.0	0.0	0.0	0.0	0.08487	0.00306
s__GGB92400_SGB132999	0.0	0.0	0.0	0.0	0.0	0.0	0.0	0.0	0.0	0.0	0.0	0.0	0.0815	0.00568
s__GGB26105_SGB38117	0.0	0.0	0.0	0.0	0.0	0.0	0.0	0.0	0.0	0.0	0.0	0.0	0.08098	0.03556
s__GGB95251_SGB130640	0.0	0.0	0.0	0.0	0.0	0.0	0.0	0.0	0.0	0.0	0.0	0.0	0.08082	0.0
s__GGB92817_SGB131160	0.0	0.0	0.0	0.0	0.0	0.0	0.0	0.0	0.0	0.0	0.0	0.0	0.07983	0.0
s__GGB77687_SGB108590	0.0	0.0	0.0	0.0	0.0	0.0	0.0	0.0	0.0	0.0	0.0	0.0	0.07563	0.00293
s__GGB32034_SGB55853	0.0	0.0	0.0	0.0	0.0	0.0	0.0	0.0	0.0	0.0	0.0	0.0	0.07558	0.07643
s__Methyloceanibacter_superfactus	0.0	0.0	0.0	0.0	0.0	0.0	0.0	0.0	0.0	0.0	0.0	0.0	0.0731	0.02557
s__GGB15779_SGB24021	0.0	0.0	0.0	0.0	0.0	0.0	0.0	0.0	0.0	0.0	0.0	0.0	0.06893	0.00581
s__GGB78197_SGB107723	0.0	0.0	0.0	0.0	0.0	0.0	0.0	0.0	0.0	0.0	0.0	0.0	0.06777	0.01701
s__Bradyrhizobium_algeriense	0.0	0.0	0.0	0.0	0.0	0.0	0.0	0.0	0.0	0.0	0.0	0.0	0.06412	0.07734
s__GGB92434_SGB133094	0.0	0.0	0.0	0.0	0.0	0.0	0.0	0.0	0.0	0.0	0.0	0.0	0.05523	0.0
s__Mycolicibacterium_moriokaense	0.0	0.0	0.0	0.0	0.0	0.0	0.0	0.0	0.0	0.0	0.0	0.0	0.05448	0.02036
s__GGB69373_SGB93528	0.0	0.0	0.0	0.0	0.0	0.0	0.0	0.0	0.0	0.0	0.0	0.0	0.05272	0.05329
s__GGB64314_SGB86769	0.0	0.0	0.0	0.0	0.0	0.0	0.0	0.0	0.0	0.0	0.0	0.0	0.05063	0.04643
s__Solirubrobacter_sp_URHD0082	0.0	0.0	0.0	0.0	0.0	0.0	0.0	0.0	0.0	0.0	0.0	0.0	0.04573	0.03559
s__GGB41411_SGB55541	0.0	0.0	0.0	0.0	0.0	0.0	0.0	0.0	0.0	0.0	0.0	0.0	0.04536	0.02187
s__Bradyrhizobium_sp_SRL28	0.0	0.0	0.0	0.0	0.0	0.0	0.0	0.0	0.0	0.0	0.0	0.0	0.04025	0.06857
s__GGB35074_SGB52721	0.0	0.0	0.0	0.0	0.0	0.0	0.0	0.0	0.0	0.0	0.0	0.0	0.04	0.0
s__GGB52834_SGB73753	0.0	0.0	0.0	0.0	0.0	0.0	0.0	0.0	0.0	0.0	0.0	0.0	0.03924	0.00816
s__GGB61943_SGB84076	0.0	0.0	0.0	0.0	0.0	0.0	0.0	0.0	0.0	0.0	0.0	0.0	0.03885	0.0
s__Usitatibacter_palustris	0.0	0.0	0.0	0.0	0.0	0.0	0.0	0.0	0.0	0.0	0.0	0.0	0.03755	0.0
s__GGB94223_SGB129947	0.0	0.0	0.0	0.0	0.0	0.0	0.0	0.0	0.0	0.0	0.0	0.0	0.03721	0.01972
s__GGB92586_SGB133387	0.0	0.0	0.0	0.0	0.0	0.0	0.0	0.0	0.0	0.0	0.0	0.0	0.03675	0.0
s__Nocardia_vinacea	0.0	0.0	0.0	0.0	0.0	0.0	0.0	0.0	0.0	0.0	0.0	0.0	0.03593	0.0
s__Rhodoplanes_sp_Z2_YC6860	0.0	0.0	0.0	0.0	0.0	0.0	0.0	0.0	0.0	0.0	0.0	0.0	0.03562	0.00182
s__Conexibacter_sp_SYSU_D00693	0.0	0.0	0.0	0.0	0.0	0.0	0.0	0.0	0.0	0.0	0.0	0.0	0.03383	0.03559
s__Anaerosalibacter_bizertensis	0.0	0.0	0.0	0.0	0.0	0.0	0.0	0.0	0.0	0.0	0.0	0.0	0.03356	0.0
s__GGB64208_SGB86622	0.0	0.0	0.0	0.0	0.0	0.0	0.0	0.0	0.0	0.0	0.0	0.0	0.03337	0.01027
s__GGB61947_SGB84081	0.0	0.0	0.0	0.0	0.0	0.0	0.0	0.0	0.0	0.0	0.0	0.0	0.03222	0.0
s__GGB95316_SGB130713	0.0	0.0	0.0	0.0	0.0	0.0	0.0	0.0	0.0	0.0	0.0	0.0	0.03186	0.04617
s__GGB94426_SGB128235	0.0	0.0	0.0	0.0	0.0	0.0	0.0	0.0	0.0	0.0	0.0	0.0	0.03174	0.02425
s__GGB35955_SGB107750	0.0	0.0	0.0	0.0	0.0	0.0	0.0	0.0	0.0	0.0	0.0	0.0	0.03033	0.05837
s__GGB38784_SGB73422	0.0	0.0	0.0	0.0	0.0	0.0	0.0	0.0	0.0	0.0	0.0	0.0	0.03021	0.0
s__Streptomyces_sp_ISL_1	0.0	0.0	0.0	0.0	0.0	0.0	0.0	0.0	0.0	0.0	0.0	0.0	0.02966	0.0
s__Capillimicrobium_parvum	0.0	0.0	0.0	0.0	0.0	0.0	0.0	0.0	0.0	0.0	0.0	0.0	0.02958	0.01616
s__GGB52551_SGB73429	0.0	0.0	0.0	0.0	0.0	0.0	0.0	0.0	0.0	0.0	0.0	0.0	0.02878	0.0
s__Conexibacter_sp_S30A1	0.0	0.0	0.0	0.0	0.0	0.0	0.0	0.0	0.0	0.0	0.0	0.0	0.02811	0.01243
s__GGB32011_SGB57188	0.0	0.0	0.0	0.0	0.0	0.0	0.0	0.0	0.0	0.0	0.0	0.0	0.02732	0.0
s__GGB52788_SGB73701	0.0	0.0	0.0	0.0	0.0	0.0	0.0	0.0	0.0	0.0	0.0	0.0	0.0267	0.04305
s__Methyloceanibacter_marginalis	0.0	0.0	0.0	0.0	0.0	0.0	0.0	0.0	0.0	0.0	0.0	0.0	0.02627	0.00136
s__GGB6105_SGB52710	0.0	0.0	0.0	0.0	0.0	0.0	0.0	0.0	0.0	0.0	0.0	0.0	0.02518	0.0
s__Tenggerimyces_flavus	0.0	0.0	0.0	0.0	0.0	0.0	0.0	0.0	0.0	0.0	0.0	0.0	0.02282	0.0
s__GGB74527_SGB55643	0.0	0.0	0.0	0.0	0.0	0.0	0.0	0.0	0.0	0.0	0.0	0.0	0.02248	0.00162
s__Bradyrhizobium_lablabi	0.0	0.0	0.0	0.0	0.0	0.0	0.0	0.0	0.0	0.0	0.0	0.0	0.02133	0.00876
s__Rhodospirillales_bacterium_URHD0017	0.0	0.0	0.0	0.0	0.0	0.0	0.0	0.0	0.0	0.0	0.0	0.0	0.02102	0.0
s__GGB61494_SGB83575	0.0	0.0	0.0	0.0	0.0	0.0	0.0	0.0	0.0	0.0	0.0	0.0	0.01904	0.0
s__GGB64168_SGB86580	0.0	0.0	0.0	0.0	0.0	0.0	0.0	0.0	0.0	0.0	0.0	0.0	0.01852	0.01414
s__GGB52810_SGB73725	0.0	0.0	0.0	0.0	0.0	0.0	0.0	0.0	0.0	0.0	0.0	0.0	0.01624	0.0082
s__GGB92597_SGB133367	0.0	0.0	0.0	0.0	0.0	0.0	0.0	0.0	0.0	0.0	0.0	0.0	0.01484	0.00655
s__Rhabdothermincola_sediminis	0.0	0.0	0.0	0.0	0.0	0.0	0.0	0.0	0.0	0.0	0.0	0.0	0.01424	0.00404
s__GGB92448_SGB133121	0.0	0.0	0.0	0.0	0.0	0.0	0.0	0.0	0.0	0.0	0.0	0.0	0.01415	0.0
s__GGB66348_SGB89905	0.0	0.0	0.0	0.0	0.0	0.0	0.0	0.0	0.0	0.0	0.0	0.0	0.01341	0.0
s__Paraconexibacter_sp_02_257	0.0	0.0	0.0	0.0	0.0	0.0	0.0	0.0	0.0	0.0	0.0	0.0	0.01292	0.01348
s__GGB89601_SGB125826	0.0	0.0	0.0	0.0	0.0	0.0	0.0	0.0	0.0	0.0	0.0	0.0	0.01246	0.0
s__Paraconexibacter_algicola	0.0	0.0	0.0	0.0	0.0	0.0	0.0	0.0	0.0	0.0	0.0	0.0	0.01144	0.01717
s__GGB95110_SGB128512	0.0	0.0	0.0	0.0	0.0	0.0	0.0	0.0	0.0	0.0	0.0	0.0	0.01127	0.00805
s__Sporichthya_polymorpha	0.0	0.0	0.0	0.0	0.0	0.0	0.0	0.0	0.0	0.0	0.0	0.0	0.0112	0.0
s__GGB52789_SGB73702	0.0	0.0	0.0	0.0	0.0	0.0	0.0	0.0	0.0	0.0	0.0	0.0	0.00963	0.02032
s__GGB93945_SGB129816	0.0	0.0	0.0	0.0	0.0	0.0	0.0	0.0	0.0	0.0	0.0	0.0	0.00897	0.01431
s__GGB93000_SGB131315	0.0	0.0	0.0	0.0	0.0	0.0	0.0	0.0	0.0	0.0	0.0	0.0	0.00856	0.0
s__GGB45011_SGB62515	0.0	0.0	0.0	0.0	0.0	0.0	0.0	0.0	0.0	0.0	0.0	0.0	0.00753	0.0
s__Pelomicrobium_methylotrophicum	0.0	0.0	0.0	0.0	0.0	0.0	0.0	0.0	0.0	0.0	0.0	0.0	0.00706	0.0
s__Solirubrobacter_sp_CPCC_204708	0.0	0.0	0.0	0.0	0.0	0.0	0.0	0.0	0.0	0.0	0.0	0.0	0.0068	0.01919
s__GGB95522_SGB135135	0.0	0.0	0.0	0.0	0.0	0.0	0.0	0.0	0.0	0.0	0.0	0.0	0.00606	0.0
s__Reyranella_soli	0.0	0.0	0.0	0.0	0.0	0.0	0.0	0.0	0.0	0.0	0.0	0.0	0.00568	0.0
s__Aquihabitans_sp_Kera_3	0.0	0.0	0.0	0.0	0.0	0.0	0.0	0.0	0.0	0.0	0.0	0.0	0.00523	0.0
s__GGB64272_SGB86721	0.0	0.0	0.0	0.0	0.0	0.0	0.0	0.0	0.0	0.0	0.0	0.0	0.00499	0.02628
s__GGB52678_SGB73566	0.0	0.0	0.0	0.0	0.0	0.0	0.0	0.0	0.0	0.0	0.0	0.0	0.00444	0.0
s__GGB92573_SGB133340	0.0	0.0	0.0	0.0	0.0	0.0	0.0	0.0	0.0	0.0	0.0	0.0	0.00413	0.0
s__Conexibacter_sp_DBS9H8	0.0	0.0	0.0	0.0	0.0	0.0	0.0	0.0	0.0	0.0	0.0	0.0	0.00291	0.00821
s__Sulfurifustis_variabilis	0.0	0.0	0.0	0.0	0.0	0.0	0.0	0.0	0.0	0.0	0.0	0.0	0.00269	0.0
s__Stenotrophomonas_tumulicola	0.0	0.0	0.0	0.0	0.0	0.0	0.0	0.0	0.0	0.0	0.0	0.0	0.0	12.53691
s__Pseudomonas_nitrititolerans	0.0	0.0	0.0	0.0	0.0	0.0	0.0	0.0	0.0	0.0	0.0	0.0	0.0	11.10844
s__Simplicispira_suum	0.0	0.0	0.0	0.0	0.0	0.0	0.0	0.0	0.0	0.0	0.0	0.0	0.0	5.73459
s__Moheibacter_sediminis	0.0	0.0	0.0	0.0	0.0	0.0	0.0	0.0	0.0	0.0	0.0	0.0	0.0	3.78709
s__Alcaligenes_faecalis	0.0	0.0	0.0	0.0	0.0	0.0	0.0	0.0	0.0	0.0	0.0	0.0	0.0	1.05527
s__Simplicispira_SGB61893	0.0	0.0	0.0	0.0	0.0	0.0	0.0	0.0	0.0	0.0	0.0	0.0	0.0	0.99949
s__Stenotrophomonas_humi	0.0	0.0	0.0	0.0	0.0	0.0	0.0	0.0	0.0	0.0	0.0	0.0	0.0	0.86482
s__Rheinheimera_sp_YR1	0.0	0.0	0.0	0.0	0.0	0.0	0.0	0.0	0.0	0.0	0.0	0.0	0.0	0.65859
s__Castellaniella_defragrans	0.0	0.0	0.0	0.0	0.0	0.0	0.0	0.0	0.0	0.0	0.0	0.0	0.0	0.63121
s__Savagea_serpentis	0.0	0.0	0.0	0.0	0.0	0.0	0.0	0.0	0.0	0.0	0.0	0.0	0.0	0.41813
s__Brucella_pseudogrignonensis	0.0	0.0	0.0	0.0	0.0	0.0	0.0	0.0	0.0	0.0	0.0	0.0	0.0	0.41791
s__Aquamicrobium_lusatiense	0.0	0.0	0.0	0.0	0.0	0.0	0.0	0.0	0.0	0.0	0.0	0.0	0.0	0.40974
s__Arthrobacter_pascens	0.0	0.0	0.0	0.0	0.0	0.0	0.0	0.0	0.0	0.0	0.0	0.0	0.0	0.38342
s__Clostridium_putrefaciens	0.0	0.0	0.0	0.0	0.0	0.0	0.0	0.0	0.0	0.0	0.0	0.0	0.0	0.32734
s__Rhodococcus_qingshengii	0.0	0.0	0.0	0.0	0.0	0.0	0.0	0.0	0.0	0.0	0.0	0.0	0.0	0.296
s__Microbacterium_sp_NC79	0.0	0.0	0.0	0.0	0.0	0.0	0.0	0.0	0.0	0.0	0.0	0.0	0.0	0.2842
s__Mycobacterium_virginiense	0.0	0.0	0.0	0.0	0.0	0.0	0.0	0.0	0.0	0.0	0.0	0.0	0.0	0.23331
s__Pseudomonas_anguilliseptica	0.0	0.0	0.0	0.0	0.0	0.0	0.0	0.0	0.0	0.0	0.0	0.0	0.0	0.21847
s__Alcaligenes_aquatilis	0.0	0.0	0.0	0.0	0.0	0.0	0.0	0.0	0.0	0.0	0.0	0.0	0.0	0.18649
s__Devosia_ginsengisoli	0.0	0.0	0.0	0.0	0.0	0.0	0.0	0.0	0.0	0.0	0.0	0.0	0.0	0.18423
s__Pusillimonas_ginsengisoli	0.0	0.0	0.0	0.0	0.0	0.0	0.0	0.0	0.0	0.0	0.0	0.0	0.0	0.14657
s__Nitrososphaerales_unclassified_SGB122562	0.0	0.0	0.0	0.0	0.0	0.0	0.0	0.0	0.0	0.0	0.0	0.0	0.0	0.14591
s__Brevundimonas_terrae	0.0	0.0	0.0	0.0	0.0	0.0	0.0	0.0	0.0	0.0	0.0	0.0	0.0	0.13467
s__Gordonia_araii	0.0	0.0	0.0	0.0	0.0	0.0	0.0	0.0	0.0	0.0	0.0	0.0	0.0	0.11595
s__Aquamicrobium_aerolatum	0.0	0.0	0.0	0.0	0.0	0.0	0.0	0.0	0.0	0.0	0.0	0.0	0.0	0.1122
s__Microbacterium_liquefaciens	0.0	0.0	0.0	0.0	0.0	0.0	0.0	0.0	0.0	0.0	0.0	0.0	0.0	0.09997
s__Aquamicrobium_defluvii	0.0	0.0	0.0	0.0	0.0	0.0	0.0	0.0	0.0	0.0	0.0	0.0	0.0	0.09934
s__GGB53670_SGB74805	0.0	0.0	0.0	0.0	0.0	0.0	0.0	0.0	0.0	0.0	0.0	0.0	0.0	0.08448
s__Nitrososphaerales_archaeon_TH5894	0.0	0.0	0.0	0.0	0.0	0.0	0.0	0.0	0.0	0.0	0.0	0.0	0.0	0.07894
s__Leucobacter_chromiireducens	0.0	0.0	0.0	0.0	0.0	0.0	0.0	0.0	0.0	0.0	0.0	0.0	0.0	0.06987
s__Rhizobium_sp_Root482	0.0	0.0	0.0	0.0	0.0	0.0	0.0	0.0	0.0	0.0	0.0	0.0	0.0	0.05811
s__Mesorhizobium_delmotii	0.0	0.0	0.0	0.0	0.0	0.0	0.0	0.0	0.0	0.0	0.0	0.0	0.0	0.05645
s__Achromobacter_veterisilvae	0.0	0.0	0.0	0.0	0.0	0.0	0.0	0.0	0.0	0.0	0.0	0.0	0.0	0.05389
s__Sphingopyxis_granuli	0.0	0.0	0.0	0.0	0.0	0.0	0.0	0.0	0.0	0.0	0.0	0.0	0.0	0.04786
s__Pseudomonas_peli	0.0	0.0	0.0	0.0	0.0	0.0	0.0	0.0	0.0	0.0	0.0	0.0	0.0	0.04461
s__Bosea_sp_LC85	0.0	0.0	0.0	0.0	0.0	0.0	0.0	0.0	0.0	0.0	0.0	0.0	0.0	0.04455
s__Rhodanobacter_glycinis	0.0	0.0	0.0	0.0	0.0	0.0	0.0	0.0	0.0	0.0	0.0	0.0	0.0	0.04258
s__Pseudomonas_SGB89046	0.0	0.0	0.0	0.0	0.0	0.0	0.0	0.0	0.0	0.0	0.0	0.0	0.0	0.04103
s__Achromobacter_pestifer	0.0	0.0	0.0	0.0	0.0	0.0	0.0	0.0	0.0	0.0	0.0	0.0	0.0	0.03873
s__Streptomyces_montanus	0.0	0.0	0.0	0.0	0.0	0.0	0.0	0.0	0.0	0.0	0.0	0.0	0.0	0.03778
s__Pseudaminobacter_manganicus	0.0	0.0	0.0	0.0	0.0	0.0	0.0	0.0	0.0	0.0	0.0	0.0	0.0	0.03715
s__Phyllobacterium_brassicacearum	0.0	0.0	0.0	0.0	0.0	0.0	0.0	0.0	0.0	0.0	0.0	0.0	0.0	0.03393
s__Paenibacillus_sp_Soil522	0.0	0.0	0.0	0.0	0.0	0.0	0.0	0.0	0.0	0.0	0.0	0.0	0.0	0.03249
s__Proteus_vulgaris	0.0	0.0	0.0	0.0	0.0	0.0	0.0	0.0	0.0	0.0	0.0	0.0	0.0	0.03195
s__Simplicispira_hankyongi	0.0	0.0	0.0	0.0	0.0	0.0	0.0	0.0	0.0	0.0	0.0	0.0	0.0	0.02969
s__Pseudomonas_leptonychotis	0.0	0.0	0.0	0.0	0.0	0.0	0.0	0.0	0.0	0.0	0.0	0.0	0.0	0.02947
s__GGB53670_SGB122539	0.0	0.0	0.0	0.0	0.0	0.0	0.0	0.0	0.0	0.0	0.0	0.0	0.0	0.02909
s__Flavobacterium_sp_CF136	0.0	0.0	0.0	0.0	0.0	0.0	0.0	0.0	0.0	0.0	0.0	0.0	0.0	0.02724
s__GGB52783_SGB73694	0.0	0.0	0.0	0.0	0.0	0.0	0.0	0.0	0.0	0.0	0.0	0.0	0.0	0.02573
s__Rheinheimera_sp_D18	0.0	0.0	0.0	0.0	0.0	0.0	0.0	0.0	0.0	0.0	0.0	0.0	0.0	0.02194
s__Flavobacterium_sp_F_65	0.0	0.0	0.0	0.0	0.0	0.0	0.0	0.0	0.0	0.0	0.0	0.0	0.0	0.02031
s__Mycobacterium_heraklionense	0.0	0.0	0.0	0.0	0.0	0.0	0.0	0.0	0.0	0.0	0.0	0.0	0.0	0.02015
s__GGB35955_SGB129072	0.0	0.0	0.0	0.0	0.0	0.0	0.0	0.0	0.0	0.0	0.0	0.0	0.0	0.01994
s__GGB64279_SGB86732	0.0	0.0	0.0	0.0	0.0	0.0	0.0	0.0	0.0	0.0	0.0	0.0	0.0	0.01937
s__Mycolicibacter_engbaekii	0.0	0.0	0.0	0.0	0.0	0.0	0.0	0.0	0.0	0.0	0.0	0.0	0.0	0.01879
s__GGB64277_SGB86730	0.0	0.0	0.0	0.0	0.0	0.0	0.0	0.0	0.0	0.0	0.0	0.0	0.0	0.0177
s__Nitrososphaerales_unclassified_SGB122556	0.0	0.0	0.0	0.0	0.0	0.0	0.0	0.0	0.0	0.0	0.0	0.0	0.0	0.01744
s__Desulfovibrio_intestinalis	0.0	0.0	0.0	0.0	0.0	0.0	0.0	0.0	0.0	0.0	0.0	0.0	0.0	0.01615
s__Baekduia_soli	0.0	0.0	0.0	0.0	0.0	0.0	0.0	0.0	0.0	0.0	0.0	0.0	0.0	0.01564
s__GGB89562_SGB125918	0.0	0.0	0.0	0.0	0.0	0.0	0.0	0.0	0.0	0.0	0.0	0.0	0.0	0.01242
s__GGB34977_SGB55943	0.0	0.0	0.0	0.0	0.0	0.0	0.0	0.0	0.0	0.0	0.0	0.0	0.0	0.01234
s__Mycolicibacterium_sp_YH_1	0.0	0.0	0.0	0.0	0.0	0.0	0.0	0.0	0.0	0.0	0.0	0.0	0.0	0.01224
s__Eoetvoesia_caeni	0.0	0.0	0.0	0.0	0.0	0.0	0.0	0.0	0.0	0.0	0.0	0.0	0.0	0.01206
s__Pseudomonas_guineae	0.0	0.0	0.0	0.0	0.0	0.0	0.0	0.0	0.0	0.0	0.0	0.0	0.0	0.01187
s__GGB14626_SGB22165	0.0	0.0	0.0	0.0	0.0	0.0	0.0	0.0	0.0	0.0	0.0	0.0	0.0	0.01102
s__Actinomarinicola_tropica	0.0	0.0	0.0	0.0	0.0	0.0	0.0	0.0	0.0	0.0	0.0	0.0	0.0	0.01085
s__Aciditerrimonas_ferrireducens	0.0	0.0	0.0	0.0	0.0	0.0	0.0	0.0	0.0	0.0	0.0	0.0	0.0	0.0102
s__Bailinhaonella_thermotolerans	0.0	0.0	0.0	0.0	0.0	0.0	0.0	0.0	0.0	0.0	0.0	0.0	0.0	0.00902
s__Sphaerisporangium_krabiense	0.0	0.0	0.0	0.0	0.0	0.0	0.0	0.0	0.0	0.0	0.0	0.0	0.0	0.00872
s__Streptomyces_halstedii	0.0	0.0	0.0	0.0	0.0	0.0	0.0	0.0	0.0	0.0	0.0	0.0	0.0	0.00818
s__Castellaniella_caeni	0.0	0.0	0.0	0.0	0.0	0.0	0.0	0.0	0.0	0.0	0.0	0.0	0.0	0.00776
s__Salsipaludibacter_albus	0.0	0.0	0.0	0.0	0.0	0.0	0.0	0.0	0.0	0.0	0.0	0.0	0.0	0.00691
s__Solirubrobacter_pauli	0.0	0.0	0.0	0.0	0.0	0.0	0.0	0.0	0.0	0.0	0.0	0.0	0.0	0.00654
s__Hyphomicrobium_sulfonivorans	0.0	0.0	0.0	0.0	0.0	0.0	0.0	0.0	0.0	0.0	0.0	0.0	0.0	0.00603
s__Candidatus_Melainabacteria_bacterium	0.0	0.0	0.0	0.0	0.0	0.0	0.0	0.0	0.0	0.0	0.0	0.0	0.0	0.00495
s__GGB95167_SGB128533	0.0	0.0	0.0	0.0	0.0	0.0	0.0	0.0	0.0	0.0	0.0	0.0	0.0	0.00482
s__GGB64864_SGB107683	0.0	0.0	0.0	0.0	0.0	0.0	0.0	0.0	0.0	0.0	0.0	0.0	0.0	0.00459
s__GGB52809_SGB73724	0.0	0.0	0.0	0.0	0.0	0.0	0.0	0.0	0.0	0.0	0.0	0.0	0.0	0.00433
s__GGB44095_SGB61478	0.0	0.0	0.0	0.0	0.0	0.0	0.0	0.0	0.0	0.0	0.0	0.0	0.0	0.00391
s__Flavobacterium_gelidilacus	0.0	0.0	0.0	0.0	0.0	0.0	0.0	0.0	0.0	0.0	0.0	0.0	0.0	0.00367
s__Aeromicrobium_terrae	0.0	0.0	0.0	0.0	0.0	0.0	0.0	0.0	0.0	0.0	0.0	0.0	0.0	0.0035
s__GGB94212_SGB130135	0.0	0.0	0.0	0.0	0.0	0.0	0.0	0.0	0.0	0.0	0.0	0.0	0.0	0.00345
s__GGB94145_SGB130183	0.0	0.0	0.0	0.0	0.0	0.0	0.0	0.0	0.0	0.0	0.0	0.0	0.0	0.0032
s__Anaerosalibacter_massiliensis	0.0	0.0	0.0	0.0	0.0	0.0	0.0	0.0	0.0	0.0	0.0	0.0	0.0	0.00295
s__Mycolicibacter_sp_MYC017	0.0	0.0	0.0	0.0	0.0	0.0	0.0	0.0	0.0	0.0	0.0	0.0	0.0	0.00195
s__Bradyrhizobium_sp_190	0.0	0.0	0.0	0.0	0.0	0.0	0.0	0.0	0.0	0.0	0.0	0.0	0.0	0.00178
s__GGB78165_SGB107680	0.0	0.0	0.0	0.0	0.0	0.0	0.0	0.0	0.0	0.0	0.0	0.0	0.0	0.00168
s__GGB64290_SGB129345	0.0	0.0	0.0	0.0	0.0	0.0	0.0	0.0	0.0	0.0	0.0	0.0	0.0	0.00129
s__Pseudonocardia_sp_DSM_110487	0.0	0.0	0.0	0.0	0.0	0.0	0.0	0.0	0.0	0.0	0.0	0.0	0.0	0.00103
