clade_name	MS11669_jun23_over50bp.metaphlan	MS11670_jun23_over50bp.metaphlan	MS11673_jun23_over50bp.metaphlan	MS11674_jun23_over50bp.metaphlan	MS11675_jun23_over50bp.metaphlan	MS11676_jun23_over50bp.metaphlan	MS11677_jun23_over50bp.metaphlan	MS11678_jun23_over50bp.metaphlan	MS11679_jun23_over50bp.metaphlan	MS11683_jun23_over50bp.metaphlan	MS11684_jun23_over50bp.metaphlan	MS11686_jun23_over50bp.metaphlan	MS11770_jun23_over50bp.metaphlan	MS11771_jun23_over50bp.metaphlan	MS11774_jun23_over50bp.metaphlan	MS11775_jun23_over50bp.metaphlan
s__Arcobacter_caeni	48.14182	0.94586	0.0	0.0	0.0	0.0	0.0	0.0	0.0	0.0	0.0	0.0	0.0	0.0	0.0	0.0
s__GGB16996_SGB25597	9.88693	2.20781	31.46655	8.29591	6.55732	5.24564	19.13137	7.51001	4.78687	0.0	0.0	22.99229	2.3978	0.28837	1.08441	1.92819
s__GGB32963_SGB54433	9.28887	0.34782	1.26343	0.1744	0.13993	0.05985	0.0	0.16331	0.20827	0.13508	0.22539	0.21702	0.99356	0.29589	0.23634	0.02137
s__Clostridium_perfringens	3.19543	10.10515	2.63484	10.60817	5.1083	1.90392	11.94924	2.60759	13.3917	13.49685	0.82004	3.28989	1.1744	1.31876	3.06428	3.2681
s__Myroides_guanonis	2.60901	0.0	0.0	0.0	0.49319	0.0987	0.0	0.0	0.19342	0.0	0.0	0.0	0.0	0.1392	0.02257	0.0
s__Oerskovia_enterophila	2.4715	0.0	0.22666	0.0	2.97323	0.0	0.85977	0.0	1.20775	0.61319	0.0	0.0	4.24738	0.0	0.0	0.06273
s__GGB93439_SGB131938	2.171	0.31399	5.60357	0.39582	0.43708	0.38726	3.74466	0.12309	0.01002	0.86402	0.13263	0.0	18.1161	1.08688	1.11233	0.1241
s__GGB91291_SGB134920	2.00085	2.0089	8.2381	0.41645	0.5555	0.08604	0.74213	0.39084	2.97319	5.05551	4.15836	2.12793	4.38844	0.37882	0.38322	0.17371
s__GGB32963_SGB71265	1.71358	0.66013	3.30138	0.02789	0.28583	0.04266	0.16483	0.3196	0.5665	0.59408	0.68099	0.56983	2.6644	0.6732	0.69875	0.05192
s__Rhodococcus_qingshengii	1.6972	0.0	0.0	0.0	0.46443	0.0	0.0	0.0	0.21874	0.06348	0.0	0.0	0.0	0.0	0.0	0.0
s__Arthrobacter_luteolus	1.33275	0.0	0.0	0.0	0.12122	0.0	0.0	0.0	0.0	0.0	0.0	0.0	0.0	0.0	0.0	0.0
s__GGB15815_SGB24062	1.32628	2.81898	8.75249	0.0	0.01984	0.05693	0.0	0.89789	0.0	0.0	0.0	0.01464	0.0	0.08831	0.16888	0.13468
s__Sporosarcina_sp_ZBG7A	1.23377	0.0	0.0	0.0	0.0	0.15276	0.0	0.0	0.0	0.0	0.04013	0.0	0.0	0.10268	0.0	0.0
s__Psychrobacillus_faecigallinarum	1.2209	0.0	0.0	0.0	0.32662	0.03829	0.0	0.0	0.02943	0.07367	0.80308	0.18132	0.12629	0.64272	0.0	0.0
s__GGB91375_SGB134870	1.21791	0.75722	0.50054	0.0	0.34329	0.0	0.01672	0.24792	1.26924	14.06257	0.39952	0.14144	3.38308	0.06796	0.78748	0.07716
s__Sphingopyxis_witflariensis	0.99832	0.0	0.0	0.0	0.0	0.0	0.0	0.0	0.0	0.0	0.0	0.0	0.0	0.0	0.0	0.0
s__GGB91399_SGB134831	0.98377	0.62595	8.94594	0.32305	0.17368	0.13169	0.02489	0.26774	0.17919	0.47462	0.57273	0.08529	4.43457	0.75422	0.44127	0.02035
s__Comamonas_SGB88312	0.98287	0.0	0.0	0.0	0.23331	0.4687	0.0	0.0	0.0	0.0	0.0	0.0	1.35323	0.0	0.0	0.0
s__Eubacterium_tenue	0.69617	9.50848	1.75442	3.36774	1.74362	5.26904	2.20491	2.70629	1.41844	0.97251	0.0	1.01117	2.5292	0.94218	1.53178	0.58291
s__Rhodococcus_sp_OK519	0.62032	0.0	0.0	0.0	0.00063	0.0	0.0	0.0	0.0	0.0	0.0	0.0	0.0	0.0	0.0	0.0
s__Rhodococcus_globerulus	0.59727	0.0	0.0	0.0	0.26753	0.0	0.0	0.0	0.0	0.0	0.0	0.0	0.0	0.0	0.0	0.0
s__Pseudoxanthomonas_yeongjuensis	0.4897	0.0	0.0	0.0	0.0	0.0	0.08776	0.82716	0.12197	0.0571	0.0	0.0	0.0	0.0	0.17863	0.0
s__Pedobacter_arcticus	0.44521	0.2408	0.0	0.0	0.0	0.02832	0.0	0.07325	0.0	0.0	0.0	0.0	0.0	0.0	0.0	0.0
s__Bifidobacterium_longum	0.40853	0.0	0.0	0.0	0.0	0.0	0.0	0.0	0.0	0.0	0.0	0.0	0.0	0.0	0.0	0.0
s__Nitrospira_sp_SCGC_AG_212_E16	0.40507	0.13786	0.36208	0.0	0.01891	0.0	0.0	0.0728	0.00255	0.0	0.02604	0.0	0.34212	0.06597	0.17769	0.00083
s__Sphingomonas_sp_KC8	0.30921	0.0	0.0	0.0	0.0	0.0	0.0	0.0	0.0	0.0	0.0	0.0	0.0	0.0	0.0	0.0
s__Brevundimonas_terrae	0.29293	0.0	0.0	0.0	0.14416	0.0	0.0	0.0	0.24127	0.04729	0.35844	0.01002	0.11399	0.39521	0.04697	0.0
s__Betaproteobacteria_bacterium_SCGC_AG_212_J23	0.29243	0.0	0.57017	0.0	0.01111	0.0	0.0	0.08283	0.01911	0.04273	0.00349	0.0	0.09113	0.0	0.0376	0.0
s__Brucella_thiophenivorans	0.29068	0.0	0.0	0.0	0.0	0.0	0.0	0.0	0.0	0.0	0.0	0.0	0.0	0.0	0.0	0.0
s__Staphylococcus_equorum	0.25192	0.0	0.0	2.54342	0.0	0.97932	0.09633	0.53505	0.0	0.0	0.0	0.0	0.0	0.02833	0.0	0.05383
s__GGB93539_SGB132226	0.23923	0.09402	0.0	0.0	0.04947	0.0	0.0	0.12189	0.0	0.0	0.04171	0.02713	0.09015	0.0	0.02944	0.00676
s__Clostridium_moniliforme	0.20665	3.46616	0.5626	4.85772	1.37843	0.13694	1.19427	0.04534	1.89707	2.37866	1.63151	11.95875	0.0	1.27364	0.64436	0.65059
s__Stenotrophomonas_rhizophila	0.20477	0.0	0.0	0.0	0.0	0.0	0.0	0.19864	0.0	0.0	0.35653	0.0	0.7434	24.2901	0.0	0.0
s__Paeniclostridium_sordellii	0.16478	3.62332	0.0	0.5044	0.04372	0.40584	0.0	0.0	0.0	0.0	0.12643	0.50022	0.40207	0.14426	0.0	0.00514
s__Mycolicibacterium_sp_YH_1	0.14969	0.0	0.0	0.0	0.0	0.0	0.0	0.0	0.0	0.0	0.0	0.0	0.0	0.0	0.0	0.0
s__GGB34943_SGB57189	0.14171	0.0	0.0	0.0	0.00138	0.0	0.0	0.04657	0.01568	0.08388	0.0	0.0	0.04682	0.0	0.01247	0.0
s__GGB91402_SGB134821	0.11951	0.0	0.11344	0.0	0.01081	0.0	0.0	0.06874	0.04724	0.15954	0.09978	0.0	0.02625	0.0	0.0	0.0
s__Nocardioides_soli	0.10114	0.0	0.0	0.0	0.0	0.0	0.0	0.0	0.11565	0.0	0.0	0.0	0.0	0.0	0.0	0.0
s__Eoetvoesia_caeni	0.09824	0.0	0.0	0.0	0.0	0.0	0.0	0.0	0.0	0.0	0.0	0.0	0.0	0.0	0.0	0.0
s__Arcobacter_suis	0.0856	0.0	0.0	0.0	0.0	0.0	0.0	0.0	0.0	0.0	0.0	0.0	0.0	0.0	0.0	0.0
s__GGB91392_SGB134812	0.08548	0.0	0.03186	0.0	0.0	0.0	0.0	0.01392	0.0	0.20982	0.03021	0.0	0.03707	0.0	0.0484	0.0
s__Romboutsia_hominis	0.08009	3.96739	3.4816	10.55136	1.71752	1.76741	0.38222	0.57191	0.42699	0.33996	0.3938	0.36855	1.81743	0.55929	0.58068	0.21823
s__Micromonospora_peucetia	0.07251	0.0	0.0	0.0	0.0	0.06986	0.0	0.27893	0.93654	0.54838	0.0	0.0	0.08743	0.0	0.04129	0.0
s__GGB8467_SGB13173	0.07126	0.0	0.08845	0.0	0.00378	0.0	0.0	0.0523	0.04379	0.2731	0.07088	0.0	0.09344	0.0	0.02512	0.0
s__Pseudomonas_proteolytica	0.06639	0.0	0.0	0.0	0.0	0.0	0.0	0.0	0.0	0.0	0.0	0.0	0.0	1.20301	0.0	0.0
s__GGB91384_SGB134809	0.06156	0.0	0.0	0.0	0.0	0.0	0.0	0.0	0.02896	0.24646	0.05498	0.0	0.0	0.0	0.01142	0.0
s__Rhodospirillaceae_bacterium_SYSU_D60009	0.06106	0.00293	0.0	0.0	0.0	0.0	0.0	0.0	0.0	0.0	0.0	0.0	0.0	0.0	0.02203	0.0
s__Mammaliicoccus_sciuri	0.05876	0.0	0.0	0.0	0.10085	0.0	0.0	0.0	0.0	0.0	0.0	0.0	0.0	0.0	0.0	0.0
s__GGB14621_SGB22159	0.05361	0.0	0.0	0.0	0.0	0.0	0.0	0.0	0.0	0.0	0.0	0.0	0.0	0.01517	0.01171	0.0
s__Clostridium_massiliamazoniense	0.05191	0.00647	0.0	0.66736	0.67661	0.0	1.11919	0.0	0.38227	0.73644	0.30938	0.35918	0.53361	0.02246	0.22554	0.00543
s__GGB32910_SGB85772	0.04176	0.0	6.25012	0.0	0.21581	0.12417	0.0	0.0	0.17188	0.0	0.17641	0.21208	0.0	0.0	0.0	0.0
s__Alcaligenes_pakistanensis	0.03564	0.0	0.0	0.0	0.0	0.0	0.0	0.0	0.22492	0.0	0.0	0.0	0.0	0.0	0.0	0.0
s__Brevundimonas_bullata	0.03176	0.0	0.0	0.0	0.0	0.0	0.0	0.0	0.0	0.0	0.0	0.0	0.0	2.38392	0.0	0.0
s__GGB63470_SGB85778	0.03106	0.0	0.0	0.0	0.00414	0.0	0.0	0.0	0.0	0.0	0.0	0.0	0.0	0.0	0.0	0.0
s__Serratia_proteamaculans	0.02998	0.0	0.0	0.0	0.0	0.0	0.0	0.0	0.0	0.0	0.0	0.0	0.0	0.0	0.0	0.0
s__Sphingobacterium_hungaricum	0.02875	0.0	0.0	0.0	0.0	0.0	0.0	0.0	0.0	0.0	0.02406	0.0	0.0	0.0	0.0	0.0
s__GGB38784_SGB73422	0.01691	0.06453	0.0	0.10784	0.0	0.0	0.0	0.0	0.0	0.0	0.0	0.0	0.0	0.0	0.0	0.0
s__GGB91395_SGB134845	0.01648	0.0	0.0	0.0	0.0	0.0	0.0	0.02014	0.0	0.02709	0.0	0.0	0.0	0.0	0.0	0.0
s__Clostridium_thermobutyricum	0.01096	4.93173	0.0	1.43374	3.27462	0.0	8.76181	0.00867	0.92982	1.10419	7.7685	2.55891	3.71616	3.98263	1.49085	0.28776
s__Desemzia_incerta	0.00651	0.0	0.0	0.0	0.0	0.06644	0.0	0.0	0.0	0.0	0.0	0.0	0.0	0.0	0.0	0.0
s__Clostridium_sp_Ade_TY	0.00401	0.49351	0.0	1.16679	0.34135	0.10759	0.20098	0.02578	0.19323	0.04791	0.31084	0.0	1.25594	0.11772	0.03583	0.14447
s__GGB4884_SGB6823	0.0	15.01458	0.0	0.0	0.0	0.0	0.0	15.20478	0.0	0.0	0.0	0.0	0.46545	0.0	0.3977	0.0
s__Flavobacterium_sp_140616W15	0.0	8.48213	0.0	0.0	0.0	1.77535	0.0	0.0	0.0	0.0	0.0	0.0	0.0	0.0	0.0	0.00285
s__Denitrificimonas_caeni	0.0	7.79182	0.67245	1.38454	0.48121	1.67655	0.0	0.0	0.0	0.0	0.0	0.0	0.0	0.0	0.50932	9.53219
s__Schaalia_turicensis	0.0	5.99842	0.0	0.0	0.0	0.0	0.0	0.0	0.0	0.0	0.0	0.0	0.0	0.0	0.0	0.0
s__GGB82146_SGB113463	0.0	3.36733	3.78998	0.68511	2.93947	9.11723	0.0	0.0	0.0	0.0	0.0	0.0	0.0	0.0	1.87644	0.0
s__Ruminococcus_bromii	0.0	3.04042	0.0	0.0	0.0	0.0	0.0	0.0	0.0	0.0	0.0	0.0	0.0	0.0	0.0	0.0
s__GGB13315_SGB20561	0.0	2.66442	0.0	0.0	0.0	0.0	0.0	3.00145	0.0	0.0	0.0	0.0	0.0	0.0	0.27993	0.0
s__GGB4574_SGB6324	0.0	0.78084	0.0	0.0	0.0	0.0	0.0	0.0	0.0	0.0	0.0	0.0	0.0	0.0	0.0	0.0
s__GGB77687_SGB108590	0.0	0.76495	0.26992	0.0	0.0	0.0	0.40323	0.0	0.0	0.0	0.0	0.0	0.0	0.0	0.0	0.0
s__GGB4386_SGB6036	0.0	0.58885	0.5095	0.60062	6.22332	5.83647	0.26596	0.43696	2.47796	4.50831	4.97185	2.18953	1.47133	0.0465	7.26241	2.90759
s__GGB4672_SGB6461	0.0	0.43729	0.0	0.0	0.0	0.0	0.0	1.24526	0.0	0.0	0.0	0.0	0.0	0.0	0.0	0.0
s__GGB51648_SGB4350	0.0	0.34813	0.0	0.0	0.0	0.0	0.0	0.0	0.0	0.0	0.0	0.0	0.0	0.0	0.0	0.0
s__Mogibacterium_kristiansenii	0.0	0.31424	0.0	0.0	0.0	0.30772	0.0	0.65964	0.0	0.0	0.0	0.0	0.37245	0.0	1.09561	0.0
s__Amedibacillus_dolichus	0.0	0.28631	0.0	0.0	0.77694	0.49667	0.0	0.08752	0.0	0.0	2.82765	0.24725	1.59662	0.0	0.2734	1.84232
s__Escherichia_coli	0.0	0.27363	0.0	4.81557	0.95323	2.83086	0.0	0.06132	2.10109	0.99867	22.22722	0.57216	0.53393	23.50366	0.84631	0.0
s__Bacteroides_stercoris	0.0	0.24469	0.0	0.0	1.15622	0.3702	3.62477	1.12202	1.34287	2.18378	0.5037	3.18181	0.52856	0.15417	5.35462	1.14759
s__Streptococcus_gallolyticus	0.0	0.23065	0.0	0.0	0.0	0.0	0.0	0.0	0.0	0.0	0.0	0.0	0.0	0.0	0.0	0.0
s__Eubacterium_ramulus	0.0	0.20052	0.0	0.0	0.0	0.0	0.0	0.0	0.0	0.0	0.0	0.0	0.0	0.0	0.0	0.0
s__GGB4682_SGB6472	0.0	0.16231	0.0	0.0	0.0	0.0	0.0	0.11059	0.0	0.0	0.0	0.0	0.0	0.0	0.0	0.0
s__Clostridium_baratii	0.0	0.1562	0.0	1.70714	0.25114	0.11406	0.0	0.0	0.0	0.0	0.21993	0.0044	0.36654	0.03322	0.02235	0.07092
s__Flavobacterium_sp_F_65	0.0	0.1549	0.0	0.0	0.0	0.0	0.0	0.0	0.0	0.0	0.0	0.0	0.0	0.0	0.0	0.0
s__Vescimonas_coprocola	0.0	0.1537	0.0	0.0	0.0	0.0	0.0	0.0	0.0	0.0	0.0	0.0	0.0	0.0	0.0	0.0
s__Clostridiales_bacterium_KLE1615	0.0	0.14658	0.0	0.0	0.0	0.0	0.0	0.0	0.0	0.0	0.0	0.0	0.0	0.0	0.0	0.0
s__GGB4584_SGB6338	0.0	0.14171	0.0	0.0	0.0	0.0	0.0	0.0	0.0	0.0	0.0	0.0	0.0	0.0	0.0	0.0
s__Clostridium_fallax	0.0	0.14071	0.0	0.0	0.0	0.0	0.0	0.0	0.0	0.0	0.0	0.03011	0.0	0.0	0.0	0.0
s__GGB3637_SGB4930	0.0	0.13194	0.0	0.0	0.0	0.0	0.0	0.0	0.0	0.0	0.0	0.0	0.0	0.0	0.0	0.0
s__GGB13174_SGB20388	0.0	0.12383	0.0	0.0	0.0	0.0	0.0	0.0	0.0	0.0	0.0	0.0	0.0	0.0	3.47316	0.0
s__Fusobacterium_perfoetens	0.0	0.10889	5.45979	7.45792	11.47497	11.63077	6.3038	5.69009	3.07869	4.17591	8.93239	11.27521	2.83085	0.26828	14.11889	3.89082
s__Mediterraneibacter_faecis	0.0	0.10677	0.0	0.0	0.0	0.0	0.0	0.12668	0.0	0.0	0.0	0.0	0.55375	0.0	0.03531	0.0
s__GGB3649_SGB4958	0.0	0.09734	0.0	0.0	0.0	0.0	0.0	0.09628	0.0	0.0	0.0	0.0	0.0	0.0	0.0	0.0
s__GGB9642_SGB15119	0.0	0.09705	0.0	0.0	0.0	0.0	0.0	0.0	0.0	0.0	0.0	0.0	0.0	0.0	0.0	0.0
s__Fusobacterium_SGB6028	0.0	0.05393	0.0	0.17209	2.47575	2.97655	0.65019	0.96535	0.86012	1.37893	8.31669	2.24811	0.84709	0.1495	4.37799	0.77037
s__Flavobacterium_sp_HSC_61S13	0.0	0.03236	0.0	0.0	0.0	0.0	0.0	0.0	0.0	0.0	0.0	0.0	0.0	0.06768	0.0	0.01263
s__Usitatibacter_palustris	0.0	0.01464	0.0	0.0	0.0	0.0	0.0	0.0	0.0	0.0	0.0	0.0	0.0	0.0	0.0	0.0
s__Acinetobacter_harbinensis	0.0	0.00985	0.0	0.0	0.75678	0.0	0.0	0.10859	0.0	0.0	0.0	0.0	0.0	5.86235	0.0	0.03587
s__Flavobacterium_antarcticum	0.0	0.00906	0.0	0.0	0.0	0.02734	0.0	0.0	0.0	0.0	0.0	0.0	0.0	0.0	0.0	0.00295
s__Yaniella_halotolerans	0.0	0.0	1.74109	0.0	0.0	0.00651	0.0	0.0	0.0	0.0	0.0	0.0	0.0	0.0	0.0	0.0
s__Enterococcus_faecium	0.0	0.0	1.34354	1.33059	0.0	0.0	0.0	0.0	0.0	0.0	0.0	0.0	0.14789	3.67578	0.1418	0.04521
s__Jeotgalicoccus_halotolerans	0.0	0.0	0.92964	0.0	0.0	0.0	0.0	0.0	0.0	0.0	0.0	0.0	0.0	0.0	0.0	0.0
s__GGB89632_SGB125949	0.0	0.0	0.46432	0.0	0.0	0.0	0.0	0.0	0.0	0.0	0.0	0.0	0.0	0.0	0.0	0.0
s__GGB34476_SGB65958	0.0	0.0	0.34	0.0	0.38709	0.03198	0.0	0.21854	0.24862	0.32294	0.50722	0.0	0.0	0.0	1.69629	1.23082
s__GGB3051_SGB4051	0.0	0.0	0.23208	0.0	0.05738	0.0	0.0	0.02618	0.09848	0.14612	0.0	0.0	0.10281	0.0	0.88711	0.0
s__GGB61948_SGB84082	0.0	0.0	0.09946	0.0	0.0	0.0	0.03357	0.0	0.0	0.0	0.0	0.0	0.0	0.00191	0.0	0.0
s__Lactococcus_petauri	0.0	0.0	0.0	25.57362	0.0	0.0	0.0	0.0	0.0	0.0	0.0	0.0	0.0	2.69084	0.0	0.0
s__Enterococcus_faecalis	0.0	0.0	0.0	5.00743	1.17105	0.0	0.0	0.0	0.0	0.0	3.67736	0.0	0.0	1.04174	0.0	0.0
s__GGB6572_SGB9285	0.0	0.0	0.0	4.36216	0.94777	4.56726	0.0	2.36331	0.0	0.0	0.0	0.0	0.0	0.0	2.8552	1.00306
s__GGB48227_SGB66234	0.0	0.0	0.0	0.38581	0.0	0.55331	0.0	0.0	0.0	0.0	0.0	0.0	0.0	0.0	0.0	0.0
s__Gemella_palaticanis	0.0	0.0	0.0	0.30795	0.0	0.0	0.0	0.0	0.0	0.0	0.0	0.0	0.0	0.0	0.0	0.0
s__Canicola_haemoglobinophilus	0.0	0.0	0.0	0.20013	0.01725	0.0	0.04982	0.0	0.0	0.0	0.0	0.0	0.0	0.0	0.0	0.0
s__Lactococcus_garvieae	0.0	0.0	0.0	0.19422	1.3744	0.0	0.0	0.0	0.0	0.0	0.15633	0.0	0.0	0.0	0.0	0.0
s__Helicobacter_sp_NHP19_0003	0.0	0.0	0.0	0.15176	0.18322	0.13277	8.86383	0.0	0.15002	0.21719	0.86449	3.27825	0.15191	0.56935	0.36161	0.00244
s__GGB81434_SGB115923	0.0	0.0	0.0	0.09682	0.0	6.82893	0.0	5.01145	0.0	0.0	0.0	0.0	0.0	0.0	0.0	0.0
s__Collinsella_intestinalis	0.0	0.0	0.0	0.08353	0.29129	0.36441	0.0	0.03064	0.12981	0.13151	0.0	0.53053	0.0	0.92017	0.09803	1.51026
s__GGB72446_SGB99643	0.0	0.0	0.0	0.04094	0.54206	0.04167	0.0	0.0	0.0	0.0	0.0	0.0	0.0	0.0	0.0	0.0
s__Kurthia_zopfii	0.0	0.0	0.0	0.0	2.84654	0.3286	0.0	0.64185	0.16064	0.06259	0.0	0.0	0.0	0.03762	0.60616	0.0
s__Pseudomonas_fragi	0.0	0.0	0.0	0.0	2.82797	0.0	0.0	0.0	0.0	0.0	0.0	0.0	0.0	0.17889	0.0	0.0
s__Psychrobacter_immobilis	0.0	0.0	0.0	0.0	2.27467	0.10851	0.0	0.33839	0.0	0.0	0.0	0.0	0.0	0.3	0.0	0.42623
s__Shewanella_morhuae	0.0	0.0	0.0	0.0	2.24068	0.05441	0.0	0.0	0.0	0.0	0.0	0.0	0.0	0.16333	0.0394	0.8438
s__GGB47148_SGB47368	0.0	0.0	0.0	0.0	2.15983	0.0	0.0	0.0	0.0	0.0	0.0	3.93291	0.0	0.0	0.00188	18.9075
s__GGB3441_SGB4591	0.0	0.0	0.0	0.0	1.55926	0.0	0.0	0.0	0.0	0.0	0.08826	0.54175	0.63903	0.0	1.94555	0.75811
s__Alcaligenes_faecalis	0.0	0.0	0.0	0.0	1.23934	0.0	0.0	0.0	0.0	0.0	0.0	0.0	0.0	0.0	0.0	0.0
s__GGB4593_SGB6353	0.0	0.0	0.0	0.0	1.08845	0.0	0.0	0.04283	0.0	0.0	0.45151	2.7876	0.0	0.0	4.46346	0.17858
s__GGB33657_SGB47663	0.0	0.0	0.0	0.0	1.07744	0.0	0.0	0.17683	1.4584	2.84583	0.0	0.14192	0.0	0.0	0.0	0.02544
s__Weissella_soli	0.0	0.0	0.0	0.0	1.0022	0.0	0.0	0.0	0.0	0.0	0.0	0.0	0.0	0.0	0.0	0.0
s__Vagococcus_fluvialis	0.0	0.0	0.0	0.0	0.98837	0.0	0.0	0.0	0.0	0.0	0.0	0.0	0.0	0.0	0.0	0.0
s__Yersinia_frederiksenii	0.0	0.0	0.0	0.0	0.96054	0.0	0.0	0.0	0.0	0.0	0.0	0.0	0.0	0.0	0.0	0.0
s__Psychrobacter_faecalis	0.0	0.0	0.0	0.0	0.904	0.68323	0.0	0.42543	0.0	0.0	0.0	0.0	0.0	0.0	0.0	0.0
s__Peptacetobacter_hiranonis	0.0	0.0	0.0	0.0	0.7411	1.25351	0.0	0.48931	0.05582	0.3579	0.26817	0.03875	0.0	0.03979	1.09948	1.43715
s__GGB3602_SGB4865	0.0	0.0	0.0	0.0	0.7387	0.16195	0.0	0.26039	0.0	0.0	0.0	0.65654	0.0	0.0	0.74735	1.9563
s__Proteus_vulgaris	0.0	0.0	0.0	0.0	0.73353	0.0	0.0	0.0	0.0	0.0	0.0	0.0	0.0	0.0	0.0	0.0
s__Collinsella_sp_BA40	0.0	0.0	0.0	0.0	0.73141	0.0	0.0	0.0	0.09486	0.18891	0.0	0.0	0.0	0.0	0.06247	0.90749
s__GGB3440_SGB4589	0.0	0.0	0.0	0.0	0.70107	0.0	0.0	0.27722	0.0	0.0	1.14743	0.91492	0.74904	0.0	1.45568	1.73479
s__GGB3600_SGB4859	0.0	0.0	0.0	0.0	0.69788	3.185	0.0	0.0	0.15036	0.39702	1.34081	0.0	0.0	0.0	1.32052	1.80589
s__GGB3550_SGB4746	0.0	0.0	0.0	0.0	0.67715	0.0	0.0	0.0	0.10977	0.09678	0.27459	0.37136	0.0	0.0	0.47585	0.30802
s__GGB4379_SGB70926	0.0	0.0	0.0	0.0	0.63244	0.22595	0.0	0.08425	0.0	0.0	1.04493	0.21458	0.0	0.0	0.61269	0.15996
s__Phocaeicola_massiliensis	0.0	0.0	0.0	0.0	0.5889	0.0	5.41374	1.30645	2.62379	6.7241	0.54637	0.61098	0.58582	0.0	4.18811	10.50772
s__Microterricola_pindariensis	0.0	0.0	0.0	0.0	0.5206	0.0	0.0	0.0	0.0	0.0	0.0	0.0	0.0	0.01808	0.0	0.0
s__Lachnospiraceae_bacterium_2_1_46FAA	0.0	0.0	0.0	0.0	0.49438	0.0	0.0	0.0	0.0	0.0	2.31337	0.0	0.0	0.0	0.29946	0.68813
s__Providencia_rustigianii	0.0	0.0	0.0	0.0	0.48307	0.23549	0.0	0.0	0.0	0.0	0.0	0.0	0.0	0.16971	0.04747	0.0
s__GGB78706_SGB106379	0.0	0.0	0.0	0.0	0.44641	0.0	0.0	0.0	0.0	0.0	0.44806	0.0	0.0	0.0	0.57762	0.71219
s__Faecalimonas_umbilicata	0.0	0.0	0.0	0.0	0.44492	0.88449	0.0	0.0	0.21411	0.33568	0.4542	0.01463	0.0	0.04281	2.29537	1.83371
s__Blautia_SGB4793	0.0	0.0	0.0	0.0	0.40264	0.0	0.0	0.07315	0.0	0.0	0.13123	0.02971	0.0	0.0	0.0	0.14774
s__Amedibacterium_intestinale	0.0	0.0	0.0	0.0	0.36218	1.19287	0.0	0.1034	0.0	0.0	1.64555	0.72738	0.43373	0.0	0.22271	1.4203
s__Blautia_caecimuris	0.0	0.0	0.0	0.0	0.35004	0.0	0.0	0.0	0.0	0.0	0.0	0.78335	0.0	0.0	0.27686	1.31122
s__Stenotrophomonas_pictorum	0.0	0.0	0.0	0.0	0.34874	0.0	0.0	0.0	0.33124	0.0	0.0	0.0	0.0	0.57631	0.03976	0.0
s__Algoriella_xinjiangensis	0.0	0.0	0.0	0.0	0.33596	0.06152	0.0	0.0	0.0	0.0	0.0	0.0	0.0	0.0	0.0	0.0
s__Acinetobacter_sp_ANC_3781	0.0	0.0	0.0	0.0	0.31933	0.0	0.0	0.0	0.0	0.0	0.0	0.0	0.0	3.77101	0.0	0.0
s__Psychrobacter_aquimaris	0.0	0.0	0.0	0.0	0.31852	0.0	0.0	0.0	0.0	0.0	0.0	0.0	0.0	0.0	0.0	0.0
s__Blautia_hansenii	0.0	0.0	0.0	0.0	0.30717	0.12544	0.0	0.32305	0.15443	0.14962	0.23321	0.06371	0.0	0.0	0.0	0.19865
s__Pseudoalteromonas_nigrifaciens	0.0	0.0	0.0	0.0	0.29722	0.0	0.0	0.0	0.0	0.0	0.0	0.0	0.0	0.0	0.0	0.17511
s__Sphingobacterium_sp_ML3W	0.0	0.0	0.0	0.0	0.288	0.0	0.0	0.0	0.0	0.0	0.0	0.0	0.0	0.0	0.0	0.00395
s__Vagococcus_martis	0.0	0.0	0.0	0.0	0.26526	0.0	0.0	0.0	0.0	0.0	0.0	0.0	0.0	0.2654	0.0	0.0
s__Escherichia_marmotae	0.0	0.0	0.0	0.0	0.24452	0.0	0.0	0.0	0.0	0.0	0.0075	0.0	0.0	0.12791	0.39627	0.19716
s__Psychrobacillus_psychrotolerans	0.0	0.0	0.0	0.0	0.24265	0.0	0.0	0.0	0.0	0.0	0.0	0.0	0.0	0.0	0.0	0.07223
s__Citrobacter_braakii	0.0	0.0	0.0	0.0	0.21458	0.0	0.0	0.0	0.0	0.0	0.12528	0.0	0.0	0.0	0.03833	0.0
s__Enterococcus_hirae	0.0	0.0	0.0	0.0	0.20386	0.28786	0.0	0.0	0.0	0.0	0.32288	0.39994	0.13711	0.0	0.02557	0.0
s__Glutamicibacter_ardleyensis	0.0	0.0	0.0	0.0	0.19765	0.23073	0.0	1.08965	0.0	0.0	0.0	0.0	0.0	0.45923	0.0	0.49588
s__Flavobacterium_macacae	0.0	0.0	0.0	0.0	0.19369	0.09905	0.0	0.0	0.0	0.0	0.0	0.0	0.77087	1.09915	0.0	0.07845
s__Coprococcus_sp_AF21_14LB	0.0	0.0	0.0	0.0	0.19346	0.0	0.0	0.00495	0.0	0.0	0.24731	0.67211	0.0	0.0	0.81427	0.44218
s__Microbacterium_aerolatum	0.0	0.0	0.0	0.0	0.15701	0.0	0.0	0.0	0.0	0.0	0.16437	0.0	0.95487	0.0	0.0	0.0
s__Leucobacter_salsicius	0.0	0.0	0.0	0.0	0.14538	0.0	0.0	0.0	0.0	0.0	0.0	0.0	0.0	0.00586	0.0	0.18221
s__Plesiomonas_shigelloides	0.0	0.0	0.0	0.0	0.14345	0.0	0.0	0.0	0.0	0.0	0.0	0.0	0.0	0.0	0.0	0.0
s__Enterobacter_ludwigii	0.0	0.0	0.0	0.0	0.14275	0.0	0.0	0.0	0.0	0.0	0.0	0.0	0.0	0.21915	0.0	0.0
s__Citrobacter_tructae	0.0	0.0	0.0	0.0	0.13795	0.0	0.0	0.0	0.0	0.0	0.0	0.0	0.0	0.0	0.0	0.0
s__Sphingobacterium_sp_B16_2022	0.0	0.0	0.0	0.0	0.13365	0.0	0.0	0.0	0.0	0.0	0.09327	0.0	0.0	0.27765	0.0	0.0
s__Microbacterium_sp_Root61	0.0	0.0	0.0	0.0	0.12566	0.0	0.0	0.0	0.0	0.0	0.0	0.0	0.0	0.0	0.0	0.0
s__Pseudomonas_helleri	0.0	0.0	0.0	0.0	0.12086	0.0	0.0	0.0	0.0	0.0	0.0	0.0	0.0	0.0	0.0	0.0
s__GGB41473_SGB58537	0.0	0.0	0.0	0.0	0.12033	0.0	0.0	0.0	0.0	0.0	0.0	0.0	0.0	0.0	0.09887	0.38639
s__Beduini_massiliensis	0.0	0.0	0.0	0.0	0.11837	0.0	0.0	0.0	0.0	0.0	0.0	0.0	0.0	0.0	0.0	0.01818
s__Lachnospiraceae_unclassified_SGB65957	0.0	0.0	0.0	0.0	0.11706	2.90543	0.0	0.86067	0.0	0.0	0.0	0.0	0.70757	0.0532	0.0	0.16731
s__Oerskovia_rustica	0.0	0.0	0.0	0.0	0.11407	0.0	0.0	0.0	0.28629	0.22953	0.18427	0.0	0.1741	0.0	0.0	0.0
s__GGB4250_SGB5751	0.0	0.0	0.0	0.0	0.11239	0.16753	0.0	0.0	0.25221	0.25257	0.0	0.0	0.0	0.0	0.30536	0.0
s__Firmicutes_unclassified_SGB47660	0.0	0.0	0.0	0.0	0.10844	0.0	0.0	0.08543	0.1701	0.2072	0.16488	0.40523	0.0	0.0	2.43301	3.91167
s__GGB48468_SGB66515	0.0	0.0	0.0	0.0	0.10813	0.08584	0.0	0.39369	0.0	0.0	0.0	0.0	0.0	0.0	0.17426	0.0
s__Enterocloster_hominis	0.0	0.0	0.0	0.0	0.10727	0.0	0.0	0.0	0.05253	0.0	0.0	0.04994	0.0	0.0	0.82436	0.36542
s__Psychrobacter_maritimus	0.0	0.0	0.0	0.0	0.10713	0.11723	0.0	0.0	0.0	0.0	0.0	0.0	0.0	0.0	0.0	0.09819
s__Rhodococcus_sp_KBS0724	0.0	0.0	0.0	0.0	0.10618	0.0	0.0	0.0	0.0	0.0	0.0	0.0	0.0	0.0	0.0	0.0
s__Macrococcus_caseolyticus	0.0	0.0	0.0	0.0	0.1044	0.0	0.0	0.01037	0.0	0.0	0.0	0.0	0.0	0.0	0.0	0.0
s__Firmicutes_bacterium	0.0	0.0	0.0	0.0	0.10152	0.0	0.0	0.0	0.0	0.0	0.0	0.41384	0.0	0.0	0.1986	0.02673
s__Pseudomonas_saxonica	0.0	0.0	0.0	0.0	0.10051	0.0	0.0	0.0	0.0	0.0	0.0	0.0	0.0	0.0	0.0	0.0
s__GGB3433_SGB4574	0.0	0.0	0.0	0.0	0.09619	0.0	0.0	0.0	0.0	0.0	0.0	0.0	0.0	0.0	0.34431	0.66493
s__Erysipelothrix_rhusiopathiae	0.0	0.0	0.0	0.0	0.09283	0.0	0.0	0.0	0.0	0.0	0.0	0.0	0.0	0.0	0.0	0.0
s__Streptomyces_anulatus	0.0	0.0	0.0	0.0	0.09238	0.0	0.0	0.0	0.0	0.0	0.0	0.0	0.0	0.0	0.0	0.0
s__Phocaeicola_vulgatus	0.0	0.0	0.0	0.0	0.08538	0.0	5.60527	1.06001	0.73089	0.60205	0.50289	1.57432	0.0	0.0	2.71593	3.20701
s__Helicobacter_bilis	0.0	0.0	0.0	0.0	0.08462	0.0	0.0	0.0	0.0	0.0	0.0	0.0	0.0	0.0	0.11134	0.01556
s__Carnobacterium_maltaromaticum	0.0	0.0	0.0	0.0	0.08432	0.0	0.0	0.0	0.0	0.0	0.0	0.0	0.0	0.0	0.0	0.27043
s__Vagococcus_lutrae	0.0	0.0	0.0	0.0	0.08135	0.0	0.0	0.0	0.0	0.0	0.0	0.0	0.0	0.0	0.0	0.0
s__Oerskovia_gallyi	0.0	0.0	0.0	0.0	0.07903	0.0	0.0	0.0	2.90401	0.69194	0.0	0.0	0.0	0.0	0.0	0.0
s__GGB3680_SGB4994	0.0	0.0	0.0	0.0	0.07669	0.0	0.0	0.0	0.0	0.0	0.0	0.0	0.0	0.0	1.47406	2.38358
s__GGB79299_SGB105707	0.0	0.0	0.0	0.0	0.06982	0.11584	0.0	0.0	0.0	0.0	0.0	0.0	0.0	0.0	0.03374	0.6958
s__Arcanobacterium_phocae	0.0	0.0	0.0	0.0	0.06594	0.0	0.0	0.0	0.0	0.0	0.0	0.0	1.05041	0.0	0.0	0.0
s__Shewanella_baltica	0.0	0.0	0.0	0.0	0.06312	0.0	0.0	0.0	0.0	0.0	0.0	0.0	0.0	0.6027	0.0	0.0
s__GGB79384_SGB106011	0.0	0.0	0.0	0.0	0.05882	0.0	0.0	0.0	0.00591	0.0	0.0	0.0	0.0	0.0	0.0	0.50187
s__Coprococcus_SGB106014	0.0	0.0	0.0	0.0	0.05853	0.0	0.0	0.0	0.0	0.0	0.30997	0.19838	0.0	0.0	0.30454	0.33754
s__Kurthia_sibirica	0.0	0.0	0.0	0.0	0.05683	0.0	0.0	0.17692	0.0	0.0	0.0	0.0	0.0	0.18192	0.0	0.0
s__Stenotrophomonas_terrae	0.0	0.0	0.0	0.0	0.05498	0.0	0.0	0.0	0.30578	0.0	0.0	0.0	6.18781	0.30093	0.0	0.0
s__Campylobacter_lari	0.0	0.0	0.0	0.0	0.0509	0.0	0.0	0.0	0.0528	0.14729	0.0	0.0	0.0	0.0	0.0	0.0
s__Sporosarcina_sp_P20a	0.0	0.0	0.0	0.0	0.04422	0.0	0.0	0.0	0.0	0.0	0.0	0.0	0.0	0.0	0.0	0.0
s__GGB74511_SGB47635	0.0	0.0	0.0	0.0	0.04148	0.0	0.0	0.0	0.0	0.0	0.0	0.0	0.0	0.0	0.05617	0.03292
s__GGB1379_SGB48439	0.0	0.0	0.0	0.0	0.03658	0.0	0.0	0.48174	0.0234	0.0	4.61727	2.28709	0.0	0.0	3.15922	0.0
s__Acinetobacter_pragensis	0.0	0.0	0.0	0.0	0.03506	0.05185	0.0	0.0	0.0	0.0	0.0	0.0	0.0	0.0	0.01906	0.0
s__Vagococcus_salmoninarum	0.0	0.0	0.0	0.0	0.03374	0.0	0.0	0.09327	0.0	0.0	0.0	0.0	0.0	0.0	0.0	0.03279
s__Rheinheimera_salexigens	0.0	0.0	0.0	0.0	0.0332	0.0	0.0	0.0	0.0	0.0	0.0	0.0	0.0	0.0	0.0	0.02849
s__Mediterraneibacter_glycyrrhizinilyticus	0.0	0.0	0.0	0.0	0.03052	0.0	0.0	0.0	0.0	0.0	0.0	0.13473	0.0	0.0	0.04756	0.08887
s__Alcaligenaceae_bacterium	0.0	0.0	0.0	0.0	0.03011	0.0	0.0	0.0	0.0	0.0	0.0	0.0	0.0	0.0	0.0	0.0
s__Microbacterium_sp_Bi121	0.0	0.0	0.0	0.0	0.02943	0.0	0.0	0.0	0.0	0.0	0.0	0.0	0.0	0.0	0.0	0.0
s__Microbacterium_murale	0.0	0.0	0.0	0.0	0.02813	0.0	0.0	0.0	0.0	0.0	0.0	0.0	0.0	0.0	0.0	0.0
s__Pseudomonas_sp_NKUCC02_KPG	0.0	0.0	0.0	0.0	0.02743	0.0	0.0	0.0	0.0	0.0	0.0	0.0	0.0	0.0	0.0	0.0
s__Providencia_heimbachae	0.0	0.0	0.0	0.0	0.02619	0.0	0.0	0.0	0.0	0.0	0.0	0.0	0.0	0.28604	0.0	0.0
s__Acinetobacter_lwoffii	0.0	0.0	0.0	0.0	0.02543	0.0	0.0	0.0	0.0	0.0	0.0	0.0	0.0	0.0	0.0	0.0
s__GGB1492_SGB2067	0.0	0.0	0.0	0.0	0.02154	0.0	0.0	0.03055	0.0	0.0	0.0	0.0	0.0	0.0	0.13324	0.0
s__Bacteroides_uniformis	0.0	0.0	0.0	0.0	0.01748	0.0	0.0	0.0	0.0	0.0	0.0	0.17773	0.0	0.0	0.13313	0.03188
s__Psychrobacillus_sp_BL_248_WT_3	0.0	0.0	0.0	0.0	0.01532	0.0	0.0	0.0	0.0	0.0	0.0	0.0	0.0	0.0	0.0	0.0
s__Pseudomonas_lundensis	0.0	0.0	0.0	0.0	0.01422	0.0	0.0	0.0	0.0	0.0	0.0	0.0	0.0	0.27951	0.0	0.0
s__Slackia_SGB14780	0.0	0.0	0.0	0.0	0.0127	0.0	0.0	0.0	0.0	0.0	0.0	0.0	0.0	0.02811	0.0	0.08273
s__Gordonia_sp_HY002	0.0	0.0	0.0	0.0	0.01253	0.0	0.0	0.0	0.0	0.0	0.0	0.0	0.0	0.0	0.0	0.0
s__Devosia_limi	0.0	0.0	0.0	0.0	0.01109	0.0	0.0	0.0	0.0	0.0	0.0	0.0	0.0	0.0	0.0	0.0
s__Oerskovia_jenensis	0.0	0.0	0.0	0.0	0.01023	0.0	0.0	0.0	0.14885	0.0	0.0	0.0	0.0	0.0	0.0	0.0
s__Clostridium_sp_NSJ_6	0.0	0.0	0.0	0.0	0.01	0.0	0.0	0.15026	1.24402	1.15211	0.0	0.0	0.0	0.0	0.0	0.0
s__Pseudomonas_weihenstephanensis	0.0	0.0	0.0	0.0	0.00998	0.05748	0.0	0.0	0.0	0.0	0.0	0.0	0.0	0.63737	0.0	0.0
s__Parabacteroides_merdae	0.0	0.0	0.0	0.0	0.00973	0.0	0.0	0.04038	0.0	0.02682	0.0	0.18316	0.0	0.0	0.0	0.09535
s__Citrobacter_sp_Res13_Sevr_PEB04_36	0.0	0.0	0.0	0.0	0.00905	0.0	0.0	0.0	0.0	0.0	0.0	0.0	0.0	0.0	0.03885	0.0
s__Clostridiaceae_unclassified_SGB66046	0.0	0.0	0.0	0.0	0.00834	0.0	0.0	0.0	0.0	0.0	0.0	0.0	0.0	0.0	0.0	0.03998
s__GGB93409_SGB131987	0.0	0.0	0.0	0.0	0.00801	0.0	0.0	0.0	0.0	0.0	0.0	0.0	0.0	0.0	0.0	0.00968
s__Psychrobacter_phenylpyruvicus	0.0	0.0	0.0	0.0	0.00519	0.0	0.0	0.0	0.0	0.0	0.0	0.0	0.0	0.0	0.0	0.0
s__GGB77482_SGB107008	0.0	0.0	0.0	0.0	0.00491	0.0	0.0	0.0	0.0	0.0	0.0	0.0	0.0	0.0	0.0	0.0
s__Conchiformibius_steedae	0.0	0.0	0.0	0.0	0.00473	0.19578	0.40021	0.04126	0.0	0.0	0.0	0.0	0.0	0.0	0.0	0.0
s__GGB25053_SGB106016	0.0	0.0	0.0	0.0	0.0047	0.0	0.0	0.0	0.0	0.0	0.0	0.0	0.0	0.0	0.03807	0.34773
s__Mammaliicoccus_fleurettii	0.0	0.0	0.0	0.0	0.00429	0.0	0.0	0.0	0.0	0.0	0.0	0.0	0.0	0.0	0.0	0.0
s__Stenotrophomonas_humi	0.0	0.0	0.0	0.0	0.00332	0.0	0.0	0.03238	6.27881	0.0	0.0	0.0	0.0	0.01544	0.0	0.0
s__GGB1379_SGB1880	0.0	0.0	0.0	0.0	0.00295	0.0	0.0	0.11795	0.0	0.0	0.8687	0.52095	0.0	0.0	0.79572	0.0
s__Acinetobacter_pseudolwoffii	0.0	0.0	0.0	0.0	0.00268	0.0	0.0	0.0	0.0	0.0	0.0	0.0	0.0	0.0	0.0	0.0
s__Paenibacillus_nasutitermitis	0.0	0.0	0.0	0.0	0.00267	0.0	0.0	0.0	0.0	0.0	0.0	0.0	0.0	0.0	0.0	0.0
s__GGB49980_SGB69981	0.0	0.0	0.0	0.0	0.00201	0.0	0.0	0.07619	0.0	0.0	0.0	0.0	0.0	0.0	0.14453	0.0
s__Parvimonas_sp_oral_taxon_110	0.0	0.0	0.0	0.0	0.00129	0.0	0.0	0.0	0.0	0.0	0.0	0.0	0.0	0.0	0.0	0.0
s__Microterricola_viridarii	0.0	0.0	0.0	0.0	0.00062	0.0	0.0	0.0	0.0	0.0	0.0	0.0	0.0	0.0	0.0	0.0
s__Streptococcus_gallinaceus	0.0	0.0	0.0	0.0	0.00056	0.0	0.0	0.0	0.0	0.0	0.0	0.53657	0.0	0.0	0.0	0.0
s__GGB81431_SGB115918	0.0	0.0	0.0	0.0	0.0	14.1634	0.0	2.91642	0.0	0.0	0.0	0.0	0.0	0.0	0.0	0.0
s__GGB79301_SGB105706	0.0	0.0	0.0	0.0	0.0	2.18222	0.87884	1.46338	0.0	0.0	0.5919	0.0	1.06903	0.0	0.0	0.0
s__Clostridium_SGB6177	0.0	0.0	0.0	0.0	0.0	0.61932	0.0	0.59301	0.0	0.0	0.0	0.0	0.20426	0.0	0.0	0.0
s__Proteus_mirabilis	0.0	0.0	0.0	0.0	0.0	0.60968	0.0	0.0	0.0	0.0	0.0	0.0	0.0	0.0	0.0	0.0
s__Jeotgalicoccus_SGB96891	0.0	0.0	0.0	0.0	0.0	0.57945	0.0	0.26222	0.0	0.0	0.0	0.0	0.0	0.0	0.0	0.0
s__GGB86908_SGB115908	0.0	0.0	0.0	0.0	0.0	0.3432	0.0	4.93214	0.0	0.0	0.0	0.0	0.0	0.0	0.0	0.0
s__Clostridiaceae_bacterium	0.0	0.0	0.0	0.0	0.0	0.22679	0.0	0.09197	0.0	0.0	0.0	0.0	0.0	0.0	0.0	0.0
s__Lelliottia_amnigena	0.0	0.0	0.0	0.0	0.0	0.21277	0.0	0.0	0.0	0.0	0.0	0.0	0.0	0.02629	0.0	0.0
s__GGB81431_SGB70925	0.0	0.0	0.0	0.0	0.0	0.2059	0.0	0.02629	0.0	0.0	0.0	0.0	0.0	0.0	0.0	0.0
s__GGB1385_SGB1890	0.0	0.0	0.0	0.0	0.0	0.18101	0.20916	0.79789	0.29221	0.415	0.53714	2.85153	0.12503	0.13025	1.20524	0.0
s__Sutterella_wadsworthensis	0.0	0.0	0.0	0.0	0.0	0.0871	0.0	0.2311	0.0	0.0	0.44946	1.82569	0.01472	0.01406	0.61792	0.00865
s__Flavobacterium_sp_NKUCC04_CG	0.0	0.0	0.0	0.0	0.0	0.08636	0.0	0.0	0.0	0.0	0.0	0.0	0.0	0.0	0.0	0.0
s__Cellulomonas_timonensis	0.0	0.0	0.0	0.0	0.0	0.06896	0.0	0.0	1.92134	0.87979	0.0	0.0	0.0	0.0	0.0	0.0
s__Romboutsia_timonensis	0.0	0.0	0.0	0.0	0.0	0.0607	0.0	0.76971	0.0	0.0	0.0	0.0	0.0	0.0	0.0	0.0
s__Clostridium_paraputrificum	0.0	0.0	0.0	0.0	0.0	0.0579	0.0	0.0	0.0	0.0	0.0	0.0	0.0	0.0	0.0	0.0
s__Brevibacterium_aurantiacum	0.0	0.0	0.0	0.0	0.0	0.04768	0.0	0.0	0.0	0.0	0.0	0.0	0.0	0.0	0.0	0.0
s__Methanobrevibacter_smithii	0.0	0.0	0.0	0.0	0.0	0.04748	0.0	0.85485	0.0	0.0	0.0	0.0	6.78649	0.0	0.0	0.0
s__Clostridium_celatum	0.0	0.0	0.0	0.0	0.0	0.03975	0.0	0.16595	0.0	0.0	0.0	0.0	0.0	0.0	0.0	0.0
s__Anaerobiospirillum_thomasii	0.0	0.0	0.0	0.0	0.0	0.03714	0.0	0.0	0.02354	0.08106	0.0	0.0	0.0	0.0	0.03403	0.11756
s__Rheinheimera_sp_D18	0.0	0.0	0.0	0.0	0.0	0.01367	0.0	0.0	0.0	0.0	0.0	0.0	0.0	0.08173	0.0	0.50274
s__GGB6601_SGB9333	0.0	0.0	0.0	0.0	0.0	0.0	5.90009	0.01718	0.0	0.0	0.0	0.0	0.0	0.0	0.0	0.0
s__GGB6614_SGB9349	0.0	0.0	0.0	0.0	0.0	0.0	4.0732	0.0	0.0	0.0	0.0	0.0	0.0	0.0	0.0	0.0
s__Helicobacter_ailurogastricus	0.0	0.0	0.0	0.0	0.0	0.0	2.76484	0.0	0.0	0.0	0.0	0.25706	0.0	0.0	0.0	0.0
s__GGB6613_SGB9347	0.0	0.0	0.0	0.0	0.0	0.0	2.48983	0.0	0.0	0.0	0.0	0.0	0.0	0.0	0.0	0.0
s__Helicobacter_cinaedi	0.0	0.0	0.0	0.0	0.0	0.0	0.79636	0.0	0.0	0.0	0.0	0.40158	0.0	0.0	0.0	0.71615
s__Nitrosarchaeum_koreense	0.0	0.0	0.0	0.0	0.0	0.0	0.30007	0.0	0.28965	0.0	0.0	0.0	0.0	0.0	0.0	0.0
s__GGB6572_SGB9284	0.0	0.0	0.0	0.0	0.0	0.0	0.19354	0.0	0.08952	0.11536	0.0	0.0	0.0	0.0	0.0	0.0
s__Agriterribacter_humi	0.0	0.0	0.0	0.0	0.0	0.0	0.0475	0.0	0.0	0.0	0.0	0.0	0.0	0.0	0.0	0.0
s__Nonomuraea_glycinis	0.0	0.0	0.0	0.0	0.0	0.0	0.03145	0.0	0.0	0.0095	0.33302	0.03776	0.0	0.0	0.0	0.0
s__Bacteroides_finegoldii	0.0	0.0	0.0	0.0	0.0	0.0	0.01964	0.0	0.0	0.0	0.0	0.11473	0.0	0.0	0.27391	0.72255
s__Erysipelotrichaceae_bacterium_7770_A6	0.0	0.0	0.0	0.0	0.0	0.0	0.0	2.998	0.0	0.0	0.0	0.0	0.75417	0.0	0.51749	0.0
s__Edwardsiella_tarda	0.0	0.0	0.0	0.0	0.0	0.0	0.0	2.53003	0.0	0.0	0.0	0.0	0.0	0.47873	0.0	0.0
s__Holdemanella_biformis	0.0	0.0	0.0	0.0	0.0	0.0	0.0	1.85183	0.0	0.0	0.0	0.0	3.2699	0.0	0.07671	0.0
s__GGB4888_SGB6837	0.0	0.0	0.0	0.0	0.0	0.0	0.0	1.7748	0.0	0.0	0.0	0.0	0.05576	0.0	0.26059	0.0
s__GGB1147_SGB1474	0.0	0.0	0.0	0.0	0.0	0.0	0.0	1.63937	0.0	0.0	0.0	0.0	0.0	0.0	0.0	0.0
s__Prevotella_sp_885	0.0	0.0	0.0	0.0	0.0	0.0	0.0	1.28925	0.0	0.0	0.0	0.0	0.0	0.0	0.0	0.0
s__Fusobacterium_mortiferum	0.0	0.0	0.0	0.0	0.0	0.0	0.0	1.0992	0.0	0.0	0.0	0.0	0.0	0.0	0.0	0.0
s__GGB1457_SGB2020	0.0	0.0	0.0	0.0	0.0	0.0	0.0	0.64996	0.0	0.0	0.0	0.0	0.0	0.0	0.0	0.0
s__Prevotella_stercorea	0.0	0.0	0.0	0.0	0.0	0.0	0.0	0.61659	0.0	0.0	0.0	0.0	0.0	0.0	0.0	0.0
s__GGB4577_SGB6327	0.0	0.0	0.0	0.0	0.0	0.0	0.0	0.56621	0.0	0.0	0.0	0.0	0.0	0.0	0.0	0.0
s__Candidatus_Campylobacter_infans	0.0	0.0	0.0	0.0	0.0	0.0	0.0	0.51517	0.0	0.0	0.0	0.0	0.0	0.0	0.0	0.0
s__GGB4713_SGB6526	0.0	0.0	0.0	0.0	0.0	0.0	0.0	0.49355	0.0	0.0	0.0	0.0	0.0	0.0	0.0	0.0
s__GGB1615_SGB2212	0.0	0.0	0.0	0.0	0.0	0.0	0.0	0.48524	0.0	0.0	0.0	0.0	0.0	0.0	0.0	0.0
s__GGB1405_SGB1928	0.0	0.0	0.0	0.0	0.0	0.0	0.0	0.47777	0.0	0.0	0.0	0.0	0.0	0.0	0.0	0.0
s__Holdemanella_porci	0.0	0.0	0.0	0.0	0.0	0.0	0.0	0.42804	0.0	0.0	0.0	0.0	1.16119	0.0	0.0	0.0
s__GGB1158_SGB1488	0.0	0.0	0.0	0.0	0.0	0.0	0.0	0.33465	0.0	0.0	0.0	0.0	0.0	0.0	0.0	0.0
s__GGB4629_SGB6407	0.0	0.0	0.0	0.0	0.0	0.0	0.0	0.30142	0.0	0.0	0.0	0.0	0.0	0.0	0.0	0.0
s__GGB794_SGB1037	0.0	0.0	0.0	0.0	0.0	0.0	0.0	0.24901	0.0	0.0	0.0	0.0	0.0	0.0	0.0	0.0
s__Prevotella_pectinovora	0.0	0.0	0.0	0.0	0.0	0.0	0.0	0.2477	0.0	0.0	0.0	0.0	0.0	0.0	0.0	0.0
s__GGB1458_SGB2021	0.0	0.0	0.0	0.0	0.0	0.0	0.0	0.24752	0.0	0.0	0.0	0.0	0.0	0.0	0.0	0.0
s__GGB3862_SGB5239	0.0	0.0	0.0	0.0	0.0	0.0	0.0	0.24385	0.0	0.0	0.0	0.0	0.0	0.0	0.0	0.0
s__Faecalibacillus_intestinalis	0.0	0.0	0.0	0.0	0.0	0.0	0.0	0.23589	0.0	0.0	0.0	0.0	0.0	0.0	0.0	0.0
s__GGB1145_SGB1471	0.0	0.0	0.0	0.0	0.0	0.0	0.0	0.21807	0.0	0.0	0.0	0.0	0.0	0.0	0.0	0.0
s__GGB9511_SGB14908	0.0	0.0	0.0	0.0	0.0	0.0	0.0	0.21717	0.0	0.0	0.0	0.0	0.0	0.0	0.03027	0.0
s__GGB35456_SGB66051	0.0	0.0	0.0	0.0	0.0	0.0	0.0	0.21013	0.0	0.0	0.0	0.0	0.0	0.0	0.0	0.0113
s__Hallella_faecis	0.0	0.0	0.0	0.0	0.0	0.0	0.0	0.18938	0.0	0.0	0.0	0.0	0.0	0.0	0.0	0.0
s__GGB9635_SGB15102	0.0	0.0	0.0	0.0	0.0	0.0	0.0	0.16227	0.0	0.0	0.0	0.0	0.0	0.0	0.0	0.0
s__GGB4644_SGB6428	0.0	0.0	0.0	0.0	0.0	0.0	0.0	0.15317	0.0	0.0	0.0	0.0	0.0	0.0	0.0	0.0
s__Parageobacillus_toebii	0.0	0.0	0.0	0.0	0.0	0.0	0.0	0.13066	0.0	0.0	0.0	0.0	0.0	0.0	0.0	0.0
s__GGB4591_SGB6350	0.0	0.0	0.0	0.0	0.0	0.0	0.0	0.1266	0.0	0.0	0.0	0.0	0.0	0.0	0.0	0.0
s__GGB1632_SGB2240	0.0	0.0	0.0	0.0	0.0	0.0	0.0	0.11994	0.0	0.0	0.0	0.0	0.0	0.0	0.0	0.0
s__GGB31460_SGB6499	0.0	0.0	0.0	0.0	0.0	0.0	0.0	0.11407	0.0	0.0	0.0	0.0	0.0	0.0	0.0	0.0
s__Lentihominibacter_faecis	0.0	0.0	0.0	0.0	0.0	0.0	0.0	0.10414	0.0	0.0	0.0	0.0	0.0	0.0	0.0	0.0
s__Streptosporangium_violaceochromogenes	0.0	0.0	0.0	0.0	0.0	0.0	0.0	0.10115	0.03122	0.0	0.07774	0.03643	0.0	0.00342	0.70339	0.0
s__Brochothrix_thermosphacta	0.0	0.0	0.0	0.0	0.0	0.0	0.0	0.0981	0.0	0.0	0.0	0.0	0.0	0.0	0.0	0.0
s__GGB1630_SGB2238	0.0	0.0	0.0	0.0	0.0	0.0	0.0	0.09268	0.0	0.0	0.0	0.0	0.0	0.0	0.0	0.0
s__Peptostreptococcus_russellii	0.0	0.0	0.0	0.0	0.0	0.0	0.0	0.09219	0.0	0.0	0.0	0.0	0.0	0.0	0.03035	0.0
s__Treponema_berlinense	0.0	0.0	0.0	0.0	0.0	0.0	0.0	0.08608	0.0	0.0	0.0	0.0	0.0	0.0	0.0	0.0
s__Prevotella_SGB1672	0.0	0.0	0.0	0.0	0.0	0.0	0.0	0.08343	0.0	0.0	0.0	0.0	0.0	0.0	0.0	0.0
s__GGB9594_SGB15016	0.0	0.0	0.0	0.0	0.0	0.0	0.0	0.07901	0.0	0.0	0.0	0.0	0.0	0.0	0.0	0.0
s__Oscillospiraceae_unclassified_SGB15257	0.0	0.0	0.0	0.0	0.0	0.0	0.0	0.07901	0.0	0.0	0.0	0.0	0.0	0.0	0.0	0.0
s__GGB1123_SGB1437	0.0	0.0	0.0	0.0	0.0	0.0	0.0	0.07466	0.0	0.0	0.0	0.0	0.0	0.0	0.0	0.0
s__Terrisporobacter_mayombei	0.0	0.0	0.0	0.0	0.0	0.0	0.0	0.07302	0.0	0.0	0.0	0.0	0.0	0.0	0.0	0.0
s__GGB3616_SGB4890	0.0	0.0	0.0	0.0	0.0	0.0	0.0	0.06947	0.0	0.0	0.0	0.0	0.0	0.0	0.0	0.0
s__Desulfovibrio_piger	0.0	0.0	0.0	0.0	0.0	0.0	0.0	0.06806	0.0	0.0	0.0	0.0	0.0	0.0	0.0	0.0
s__GGB1380_SGB1883	0.0	0.0	0.0	0.0	0.0	0.0	0.0	0.056	0.0	0.0	0.0	0.0	0.0	0.0	0.0	0.0
s__GGB1491_SGB2066	0.0	0.0	0.0	0.0	0.0	0.0	0.0	0.05104	0.0	0.0	0.0	0.0	0.0	0.0	0.0	0.0
s__GGB38716_SGB14237	0.0	0.0	0.0	0.0	0.0	0.0	0.0	0.04389	0.0	0.0	0.0	0.0	0.0	0.0	0.0	0.0
s__Ellagibacter_isourolithinifaciens	0.0	0.0	0.0	0.0	0.0	0.0	0.0	0.04163	0.0	0.0	0.0	0.0	0.0	0.0	0.0	0.0
s__GGB13580_SGB20916	0.0	0.0	0.0	0.0	0.0	0.0	0.0	0.03877	0.0	0.0	0.0	0.0	0.0	0.0	0.0	0.0
s__Chitinophaga_niabensis	0.0	0.0	0.0	0.0	0.0	0.0	0.0	0.03718	0.0	0.0	0.0	0.0	0.0	0.0	0.0	0.0
s__GGB10693_SGB17348	0.0	0.0	0.0	0.0	0.0	0.0	0.0	0.03622	0.0	0.0	0.0	0.0	0.0	0.0	0.0	0.0
s__GGB1495_SGB2071	0.0	0.0	0.0	0.0	0.0	0.0	0.0	0.03321	0.0	0.0	0.0	0.0	0.0	0.0	0.0	0.0
s__GGB9158_SGB14095	0.0	0.0	0.0	0.0	0.0	0.0	0.0	0.03307	0.0	0.0	0.0	0.0	0.0	0.0	0.0	0.0
s__Sphingopyxis_sp_Root154	0.0	0.0	0.0	0.0	0.0	0.0	0.0	0.03129	0.0	0.0	0.0	0.0	0.0	0.0	0.0	0.0
s__Ruminococcus_sp_AF13_28	0.0	0.0	0.0	0.0	0.0	0.0	0.0	0.0311	0.0	0.0	0.0	0.0	0.0	0.0	0.0	0.0
s__Nitrobacter_vulgaris	0.0	0.0	0.0	0.0	0.0	0.0	0.0	0.02877	0.0	0.0	0.0	0.0	0.0	0.0	0.0	0.0
s__Phocaeicola_plebeius	0.0	0.0	0.0	0.0	0.0	0.0	0.0	0.02484	0.0	0.0	0.0	0.0	0.0	0.0	0.0	0.0
s__GGB1239_SGB1657	0.0	0.0	0.0	0.0	0.0	0.0	0.0	0.02456	0.0	0.0	0.0	0.0	0.0	0.0	0.0	0.0
s__GGB1248_SGB1669	0.0	0.0	0.0	0.0	0.0	0.0	0.0	0.02407	0.0	0.0	0.0	0.0	0.0	0.0	0.0	0.0
s__GGB3429_SGB71704	0.0	0.0	0.0	0.0	0.0	0.0	0.0	0.02247	0.0	0.0	0.0	0.0	0.0	0.0	0.0	0.0
s__Moellerella_wisconsensis	0.0	0.0	0.0	0.0	0.0	0.0	0.0	0.02242	0.0	0.0	0.0	0.0	0.0	0.0	0.0	0.0
s__Anaerobutyricum_soehngenii	0.0	0.0	0.0	0.0	0.0	0.0	0.0	0.02216	0.0	0.0	0.0	0.0	0.16	0.0	0.0	0.0
s__Alistipes_shahii	0.0	0.0	0.0	0.0	0.0	0.0	0.0	0.01892	0.0	0.0	0.0	0.0	0.0	0.0	0.0	0.11668
s__GGB1629_SGB2237	0.0	0.0	0.0	0.0	0.0	0.0	0.0	0.01838	0.0	0.0	0.0	0.0	0.0	0.0	0.0	0.0
s__GGB1146_SGB1472	0.0	0.0	0.0	0.0	0.0	0.0	0.0	0.01463	0.0	0.0	0.0	0.0	0.0	0.0	0.0	0.0
s__GGB1266_SGB1699	0.0	0.0	0.0	0.0	0.0	0.0	0.0	0.01231	0.0	0.0	0.0	0.0	0.0	0.0	0.0	0.0
s__Mammaliicoccus_vitulinus	0.0	0.0	0.0	0.0	0.0	0.0	0.0	0.00991	0.0	0.0	0.0	0.0	0.0	0.0	0.0	0.0
s__GGB9747_SGB15355	0.0	0.0	0.0	0.0	0.0	0.0	0.0	0.00949	0.0	0.0	0.0	0.0	0.0	0.0	0.0	0.0
s__Pseudomonas_taetrolens	0.0	0.0	0.0	0.0	0.0	0.0	0.0	0.00942	0.0	0.0	0.0	0.0	0.0	0.83982	0.0	0.0
s__GGB3730_SGB5060	0.0	0.0	0.0	0.0	0.0	0.0	0.0	0.00872	0.0	0.0	0.0	0.0	0.0	0.0	0.0	0.0
s__Prevotella_sp_Marseille_P4119	0.0	0.0	0.0	0.0	0.0	0.0	0.0	0.00863	0.0	0.0	0.0	0.0	0.0	0.0	0.0	0.0
s__Oscillibacter_valericigenes	0.0	0.0	0.0	0.0	0.0	0.0	0.0	0.00591	0.0	0.0	0.0	0.0	0.0	0.0	0.0	0.0
s__GGB3717_SGB5040	0.0	0.0	0.0	0.0	0.0	0.0	0.0	0.00391	0.0	0.0	0.0	0.0	0.0	0.0	0.0	0.0
s__GGB9383_SGB72489	0.0	0.0	0.0	0.0	0.0	0.0	0.0	0.00254	0.0	0.0	0.0	0.0	0.0	0.0	0.0	0.0
s__GGB91397_SGB134825	0.0	0.0	0.0	0.0	0.0	0.0	0.0	0.00178	0.0	0.00472	0.0	0.0	0.0	0.0	0.0	0.0
s__Rhodococcus_gordoniae	0.0	0.0	0.0	0.0	0.0	0.0	0.0	0.0	8.93235	4.58075	0.0	0.0	0.0	0.0	0.0	0.0
s__Pseudomonas_nitrititolerans	0.0	0.0	0.0	0.0	0.0	0.0	0.0	0.0	7.3381	3.51386	0.0	0.0	0.0	0.0	0.0	0.0
s__Providencia_alcalifaciens	0.0	0.0	0.0	0.0	0.0	0.0	0.0	0.0	7.2144	8.29995	0.07693	0.0	0.0	0.0	0.0	0.0
s__Timonella_senegalensis	0.0	0.0	0.0	0.0	0.0	0.0	0.0	0.0	3.27968	1.6973	0.0	0.0	0.0	0.0	0.0	0.0
s__GGB32910_SGB54460	0.0	0.0	0.0	0.0	0.0	0.0	0.0	0.0	1.59454	1.18912	1.52914	0.54278	0.0	0.0	0.0	0.0
s__GGB50802_SGB106454	0.0	0.0	0.0	0.0	0.0	0.0	0.0	0.0	1.33542	1.11915	3.64633	0.08602	0.0	0.0	0.0	0.0
s__Pseudomonas_mangrovi	0.0	0.0	0.0	0.0	0.0	0.0	0.0	0.0	1.04189	0.0	0.0	0.0	0.0	0.0	0.0	0.0
s__Comamonas_avium	0.0	0.0	0.0	0.0	0.0	0.0	0.0	0.0	0.94549	0.0	0.0	0.0	0.36503	0.26435	0.0	0.0
s__Flavimobilis_rhizosphaerae	0.0	0.0	0.0	0.0	0.0	0.0	0.0	0.0	0.699	0.1675	0.0	0.0	0.0	0.0	0.0	0.0
s__Aquamicrobium_aerolatum	0.0	0.0	0.0	0.0	0.0	0.0	0.0	0.0	0.60718	0.0	0.0	0.0	0.0	0.0	0.0	0.0
s__Cellulosimicrobium_cellulans	0.0	0.0	0.0	0.0	0.0	0.0	0.0	0.0	0.57766	0.0	0.0	0.0	0.0	0.0	0.0	0.0
s__Actinomadura_citrea	0.0	0.0	0.0	0.0	0.0	0.0	0.0	0.0	0.51672	0.0	0.0	0.0	0.0	0.0	0.0	0.0
s__Nonomuraea_cavernae	0.0	0.0	0.0	0.0	0.0	0.0	0.0	0.0	0.40779	0.0	0.0	0.0	0.0	0.0	0.0	0.0
s__Lysobacter_sp_HDW10	0.0	0.0	0.0	0.0	0.0	0.0	0.0	0.0	0.35756	0.73697	0.0	0.0	0.0	0.0	0.0	0.0
s__Peptacetobacter_SGB6132	0.0	0.0	0.0	0.0	0.0	0.0	0.0	0.0	0.34318	0.59676	0.0681	0.0	0.0	0.0	0.0	0.0
s__Bacteroides_sp_OF04_15BH	0.0	0.0	0.0	0.0	0.0	0.0	0.0	0.0	0.22364	0.49502	0.0	0.43976	0.0	0.0	0.0	0.0
s__Sphingobacterium_mizutaii	0.0	0.0	0.0	0.0	0.0	0.0	0.0	0.0	0.21349	0.03516	0.0	0.0	0.0	0.0	0.0	0.0
s__Phocaeicola_faecicola	0.0	0.0	0.0	0.0	0.0	0.0	0.0	0.0	0.18587	0.5135	0.0	0.0	0.0	0.0	0.0	0.0
s__Streptomyces_rutgersensis	0.0	0.0	0.0	0.0	0.0	0.0	0.0	0.0	0.17132	0.0	0.0	0.0	0.0	0.0	0.0	0.0
s__Prescottella_defluvii	0.0	0.0	0.0	0.0	0.0	0.0	0.0	0.0	0.11729	0.0	0.0	0.0	0.0	0.0	0.0	0.0
s__Streptomyces_albidoflavus	0.0	0.0	0.0	0.0	0.0	0.0	0.0	0.0	0.1142	0.0	0.0	0.75698	0.0	0.0	0.0	0.0
s__Edwardsiella_hoshinae	0.0	0.0	0.0	0.0	0.0	0.0	0.0	0.0	0.09995	0.0	0.0	0.0	0.0	0.0	0.0	0.0
s__Erysipelothrix_inopinata	0.0	0.0	0.0	0.0	0.0	0.0	0.0	0.0	0.0802	0.0	0.0	0.0	0.0	0.0	0.0	0.0
s__Streptococcus_suis	0.0	0.0	0.0	0.0	0.0	0.0	0.0	0.0	0.07786	0.21624	0.0	0.04081	0.0	0.0	0.0	0.0
s__Oerskovia_douganii	0.0	0.0	0.0	0.0	0.0	0.0	0.0	0.0	0.07138	0.23037	0.0	0.0	0.0	0.0	0.0	0.0
s__Luteimonas_sp_MC1750	0.0	0.0	0.0	0.0	0.0	0.0	0.0	0.0	0.06039	0.42992	0.0	0.0	0.0	0.0	0.0	0.0
s__Flavimobilis_soli	0.0	0.0	0.0	0.0	0.0	0.0	0.0	0.0	0.05264	0.0	0.0	0.0	0.0	0.0	0.0	0.0
s__Chryseobacterium_lacus	0.0	0.0	0.0	0.0	0.0	0.0	0.0	0.0	0.04331	0.0	0.0	0.0	0.0	0.0	0.0	0.0
s__Pseudomonas_saudiphocaensis	0.0	0.0	0.0	0.0	0.0	0.0	0.0	0.0	0.03668	0.0	0.0	0.0	0.0	0.0	0.0	0.0
s__Sphingobacterium_bovisgrunnientis	0.0	0.0	0.0	0.0	0.0	0.0	0.0	0.0	0.0298	0.0	0.08375	0.0	0.0	0.0	0.0	0.0
s__Micromonospora_jinlongensis	0.0	0.0	0.0	0.0	0.0	0.0	0.0	0.0	0.02305	0.0	0.0	0.0	0.0	0.0	0.0	0.0
s__Comamonas_aquatica	0.0	0.0	0.0	0.0	0.0	0.0	0.0	0.0	0.01034	0.0	0.0	0.0	0.0	0.0	0.0	0.0
s__Streptosporangium_amethystogenes	0.0	0.0	0.0	0.0	0.0	0.0	0.0	0.0	0.0018	0.0	0.0	0.0	0.0	0.0	0.0	0.0
s__GGB53673_SGB74810	0.0	0.0	0.0	0.0	0.0	0.0	0.0	0.0	0.0	3.27851	0.0	0.0	0.0	0.0	0.0	0.0
s__Hyphomicrobium_album	0.0	0.0	0.0	0.0	0.0	0.0	0.0	0.0	0.0	0.06097	0.0	0.0	0.0	0.0	0.0	0.0
s__Streptosporangium_roseum	0.0	0.0	0.0	0.0	0.0	0.0	0.0	0.0	0.0	0.05564	0.0	0.01476	0.0	0.0	0.0	0.0
s__Microbacterium_keratanolyticum	0.0	0.0	0.0	0.0	0.0	0.0	0.0	0.0	0.0	0.02529	0.0	0.00635	0.87324	0.0	0.0	0.0
s__Tenggerimyces_flavus	0.0	0.0	0.0	0.0	0.0	0.0	0.0	0.0	0.0	0.01319	0.0	0.0	0.0	0.0	0.0	0.0
s__Fusobacterium_varium	0.0	0.0	0.0	0.0	0.0	0.0	0.0	0.0	0.0	0.0	1.45516	0.0	0.0	0.0	0.0	0.0
s__Enterococcus_casseliflavus	0.0	0.0	0.0	0.0	0.0	0.0	0.0	0.0	0.0	0.0	0.21132	0.0	0.0	0.0	0.0	0.0
s__Psychrobacillus_psychrodurans	0.0	0.0	0.0	0.0	0.0	0.0	0.0	0.0	0.0	0.0	0.06898	0.0	0.0	0.04728	0.0	0.0
s__GGB3602_SGB66069	0.0	0.0	0.0	0.0	0.0	0.0	0.0	0.0	0.0	0.0	0.04912	0.0	0.0	0.0	1.14996	2.00137
s__Sporosarcina_quadrami	0.0	0.0	0.0	0.0	0.0	0.0	0.0	0.0	0.0	0.0	0.0049	0.0	0.0	0.0	0.0	0.0
s__Phocaeicola_coprophilus	0.0	0.0	0.0	0.0	0.0	0.0	0.0	0.0	0.0	0.0	0.0	1.57471	0.0	0.0	0.0	0.0
s__Citrobacter_portucalensis	0.0	0.0	0.0	0.0	0.0	0.0	0.0	0.0	0.0	0.0	0.0	0.36475	0.0	0.0	0.0	0.0
s__Photobacterium_damselae	0.0	0.0	0.0	0.0	0.0	0.0	0.0	0.0	0.0	0.0	0.0	0.32375	0.0	0.0	0.0	0.0
s__Barnesiella_intestinihominis	0.0	0.0	0.0	0.0	0.0	0.0	0.0	0.0	0.0	0.0	0.0	0.25615	0.0	0.0	0.0	0.09135
s__Campylobacter_jejuni	0.0	0.0	0.0	0.0	0.0	0.0	0.0	0.0	0.0	0.0	0.0	0.11703	0.0	0.0	0.0	0.0
s__Bacteroides_caecigallinarum	0.0	0.0	0.0	0.0	0.0	0.0	0.0	0.0	0.0	0.0	0.0	0.08417	0.0	0.0	0.0	0.0
s__GGB53671_SGB122549	0.0	0.0	0.0	0.0	0.0	0.0	0.0	0.0	0.0	0.0	0.0	0.07544	0.0	0.0	0.0	0.0
s__Streptococcus_salivarius	0.0	0.0	0.0	0.0	0.0	0.0	0.0	0.0	0.0	0.0	0.0	0.05574	0.0	0.00599	0.0	0.14987
s__GGB9724_SGB15278	0.0	0.0	0.0	0.0	0.0	0.0	0.0	0.0	0.0	0.0	0.0	0.03155	0.0	0.0	0.0	0.02892
s__Streptomyces_thermocarboxydus	0.0	0.0	0.0	0.0	0.0	0.0	0.0	0.0	0.0	0.0	0.0	0.03041	0.0	0.0	0.0	0.0
s__Erysipelatoclostridium_ramosum	0.0	0.0	0.0	0.0	0.0	0.0	0.0	0.0	0.0	0.0	0.0	0.02904	0.0	0.0	0.0	0.07393
s__Streptococcus_thermophilus	0.0	0.0	0.0	0.0	0.0	0.0	0.0	0.0	0.0	0.0	0.0	0.02803	0.0	0.0	0.0	0.03742
s__Cellvibrio_sp_PSBB006	0.0	0.0	0.0	0.0	0.0	0.0	0.0	0.0	0.0	0.0	0.0	0.02521	0.0	0.0	0.0	0.0
s__Phenylobacterium_sp_Root1277	0.0	0.0	0.0	0.0	0.0	0.0	0.0	0.0	0.0	0.0	0.0	0.0247	0.0	0.0	0.0	0.0
s__Flavobacterium_endophyticum	0.0	0.0	0.0	0.0	0.0	0.0	0.0	0.0	0.0	0.0	0.0	0.0	5.01099	0.0	0.0	0.0
s__Comamonas_suwonensis	0.0	0.0	0.0	0.0	0.0	0.0	0.0	0.0	0.0	0.0	0.0	0.0	1.5772	0.0	0.0	0.0
s__Variovorax_paradoxus	0.0	0.0	0.0	0.0	0.0	0.0	0.0	0.0	0.0	0.0	0.0	0.0	0.30843	0.0	0.0	0.0
s__Catenibacterium_mitsuokai	0.0	0.0	0.0	0.0	0.0	0.0	0.0	0.0	0.0	0.0	0.0	0.0	0.30478	0.0	0.0	0.0
s__Neorhizobium_xiangyangii	0.0	0.0	0.0	0.0	0.0	0.0	0.0	0.0	0.0	0.0	0.0	0.0	0.19766	0.03995	0.0	0.0
s__Arcanobacterium_haemolyticum	0.0	0.0	0.0	0.0	0.0	0.0	0.0	0.0	0.0	0.0	0.0	0.0	0.19707	0.0	0.0	0.0
s__Pseudomonas_seleniipraecipitans	0.0	0.0	0.0	0.0	0.0	0.0	0.0	0.0	0.0	0.0	0.0	0.0	0.0	1.37915	0.0	0.0
s__Flavobacterium_baculatum	0.0	0.0	0.0	0.0	0.0	0.0	0.0	0.0	0.0	0.0	0.0	0.0	0.0	1.19651	0.0	0.0
s__Pseudomonas_fluorescens	0.0	0.0	0.0	0.0	0.0	0.0	0.0	0.0	0.0	0.0	0.0	0.0	0.0	0.9929	0.0	0.0
s__Comamonas_SGB99309	0.0	0.0	0.0	0.0	0.0	0.0	0.0	0.0	0.0	0.0	0.0	0.0	0.0	0.66323	0.0	0.0
s__Pseudomonas_psychrophila	0.0	0.0	0.0	0.0	0.0	0.0	0.0	0.0	0.0	0.0	0.0	0.0	0.0	0.60998	0.0	0.0
s__Pseudomonas_qingdaonensis	0.0	0.0	0.0	0.0	0.0	0.0	0.0	0.0	0.0	0.0	0.0	0.0	0.0	0.60213	0.0	0.0
s__Chryseobacterium_piscium	0.0	0.0	0.0	0.0	0.0	0.0	0.0	0.0	0.0	0.0	0.0	0.0	0.0	0.42036	0.0	0.0
s__Acinetobacter_albensis	0.0	0.0	0.0	0.0	0.0	0.0	0.0	0.0	0.0	0.0	0.0	0.0	0.0	0.27047	0.0	0.0
s__Stutzerimonas_stutzeri	0.0	0.0	0.0	0.0	0.0	0.0	0.0	0.0	0.0	0.0	0.0	0.0	0.0	0.24173	0.0	0.0
s__Halopseudomonas_bauzanensis	0.0	0.0	0.0	0.0	0.0	0.0	0.0	0.0	0.0	0.0	0.0	0.0	0.0	0.21688	0.0	0.0
s__Nocardiopsis_sp_JB363	0.0	0.0	0.0	0.0	0.0	0.0	0.0	0.0	0.0	0.0	0.0	0.0	0.0	0.1864	0.0	0.0
s__Streptococcus_intermedius	0.0	0.0	0.0	0.0	0.0	0.0	0.0	0.0	0.0	0.0	0.0	0.0	0.0	0.12083	0.0	0.0
s__Listeria_monocytogenes	0.0	0.0	0.0	0.0	0.0	0.0	0.0	0.0	0.0	0.0	0.0	0.0	0.0	0.08719	0.0	0.0
s__Leucobacter_sp_L43	0.0	0.0	0.0	0.0	0.0	0.0	0.0	0.0	0.0	0.0	0.0	0.0	0.0	0.07945	0.0	0.0
s__Sphingobacterium_faecium	0.0	0.0	0.0	0.0	0.0	0.0	0.0	0.0	0.0	0.0	0.0	0.0	0.0	0.07712	0.0	0.0
s__Homoserinimonas_aerilata	0.0	0.0	0.0	0.0	0.0	0.0	0.0	0.0	0.0	0.0	0.0	0.0	0.0	0.07184	0.0	0.0
s__Acinetobacter_sp_ANC_4779	0.0	0.0	0.0	0.0	0.0	0.0	0.0	0.0	0.0	0.0	0.0	0.0	0.0	0.07005	0.0	0.0
s__Acinetobacter_sp_ANC_4862	0.0	0.0	0.0	0.0	0.0	0.0	0.0	0.0	0.0	0.0	0.0	0.0	0.0	0.06939	0.0	0.0
s__Sanguibacter_inulinus	0.0	0.0	0.0	0.0	0.0	0.0	0.0	0.0	0.0	0.0	0.0	0.0	0.0	0.06377	0.0	0.0
s__Acidovorax_sp_CCYZU_2555	0.0	0.0	0.0	0.0	0.0	0.0	0.0	0.0	0.0	0.0	0.0	0.0	0.0	0.05953	0.0	0.0
s__Streptococcus_minor	0.0	0.0	0.0	0.0	0.0	0.0	0.0	0.0	0.0	0.0	0.0	0.0	0.0	0.04988	0.0	0.00065
s__Streptococcus_australis	0.0	0.0	0.0	0.0	0.0	0.0	0.0	0.0	0.0	0.0	0.0	0.0	0.0	0.04556	0.0	0.00296
s__Flavobacterium_viscosum	0.0	0.0	0.0	0.0	0.0	0.0	0.0	0.0	0.0	0.0	0.0	0.0	0.0	0.027	0.0	0.0
s__Flavobacterium_ummariense	0.0	0.0	0.0	0.0	0.0	0.0	0.0	0.0	0.0	0.0	0.0	0.0	0.0	0.0257	0.0	0.0
s__Pedobacter_antarcticus	0.0	0.0	0.0	0.0	0.0	0.0	0.0	0.0	0.0	0.0	0.0	0.0	0.0	0.02303	0.0	0.0
s__Nocardiopsis_listeri	0.0	0.0	0.0	0.0	0.0	0.0	0.0	0.0	0.0	0.0	0.0	0.0	0.0	0.01614	0.0	0.0
s__Pedobacter_quisquiliarum	0.0	0.0	0.0	0.0	0.0	0.0	0.0	0.0	0.0	0.0	0.0	0.0	0.0	0.01119	0.0	0.0
s__Kaistella_flava_ex_Peng_et_al_2021	0.0	0.0	0.0	0.0	0.0	0.0	0.0	0.0	0.0	0.0	0.0	0.0	0.0	0.00752	0.0	0.00059
s__Parvimonas_parva	0.0	0.0	0.0	0.0	0.0	0.0	0.0	0.0	0.0	0.0	0.0	0.0	0.0	0.0	0.10392	0.0
s__Eubacterium_coprostanoligenes	0.0	0.0	0.0	0.0	0.0	0.0	0.0	0.0	0.0	0.0	0.0	0.0	0.0	0.0	0.08766	0.0
s__Flavonifractor_SGB105860	0.0	0.0	0.0	0.0	0.0	0.0	0.0	0.0	0.0	0.0	0.0	0.0	0.0	0.0	0.08608	0.0764
s__Firmicutes_unclassified_SGB47659	0.0	0.0	0.0	0.0	0.0	0.0	0.0	0.0	0.0	0.0	0.0	0.0	0.0	0.0	0.0434	0.03763
s__Photobacterium_piscicola	0.0	0.0	0.0	0.0	0.0	0.0	0.0	0.0	0.0	0.0	0.0	0.0	0.0	0.0	0.01383	0.0
s__GGB6553_SGB9254	0.0	0.0	0.0	0.0	0.0	0.0	0.0	0.0	0.0	0.0	0.0	0.0	0.0	0.0	0.00931	0.0
s__GGB4571_SGB6321	0.0	0.0	0.0	0.0	0.0	0.0	0.0	0.0	0.0	0.0	0.0	0.0	0.0	0.0	0.00489	0.25275
s__Clostridium_spiroforme	0.0	0.0	0.0	0.0	0.0	0.0	0.0	0.0	0.0	0.0	0.0	0.0	0.0	0.0	0.0	0.18528
s__GGB3548_SGB4744	0.0	0.0	0.0	0.0	0.0	0.0	0.0	0.0	0.0	0.0	0.0	0.0	0.0	0.0	0.0	0.17763
s__Clostridiales_bacterium	0.0	0.0	0.0	0.0	0.0	0.0	0.0	0.0	0.0	0.0	0.0	0.0	0.0	0.0	0.0	0.11226
s__Ruminococcus_gnavus	0.0	0.0	0.0	0.0	0.0	0.0	0.0	0.0	0.0	0.0	0.0	0.0	0.0	0.0	0.0	0.10925
s__Flavobacterium_flabelliforme	0.0	0.0	0.0	0.0	0.0	0.0	0.0	0.0	0.0	0.0	0.0	0.0	0.0	0.0	0.0	0.0726
s__GGB79118_SGB105839	0.0	0.0	0.0	0.0	0.0	0.0	0.0	0.0	0.0	0.0	0.0	0.0	0.0	0.0	0.0	0.07246
s__GGB4251_SGB5752	0.0	0.0	0.0	0.0	0.0	0.0	0.0	0.0	0.0	0.0	0.0	0.0	0.0	0.0	0.0	0.06045
s__Anaerofilum_sp_An201	0.0	0.0	0.0	0.0	0.0	0.0	0.0	0.0	0.0	0.0	0.0	0.0	0.0	0.0	0.0	0.0599
s__Clostridia_bacterium	0.0	0.0	0.0	0.0	0.0	0.0	0.0	0.0	0.0	0.0	0.0	0.0	0.0	0.0	0.0	0.04597
s__Phocea_massiliensis	0.0	0.0	0.0	0.0	0.0	0.0	0.0	0.0	0.0	0.0	0.0	0.0	0.0	0.0	0.0	0.04507
s__Parabacteroides_distasonis	0.0	0.0	0.0	0.0	0.0	0.0	0.0	0.0	0.0	0.0	0.0	0.0	0.0	0.0	0.0	0.04245
s__Oceanisphaera_profunda	0.0	0.0	0.0	0.0	0.0	0.0	0.0	0.0	0.0	0.0	0.0	0.0	0.0	0.0	0.0	0.04235
s__GGB3603_SGB4866	0.0	0.0	0.0	0.0	0.0	0.0	0.0	0.0	0.0	0.0	0.0	0.0	0.0	0.0	0.0	0.04205
s__GGB3819_SGB5184	0.0	0.0	0.0	0.0	0.0	0.0	0.0	0.0	0.0	0.0	0.0	0.0	0.0	0.0	0.0	0.04095
s__GGB71766_SGB98730	0.0	0.0	0.0	0.0	0.0	0.0	0.0	0.0	0.0	0.0	0.0	0.0	0.0	0.0	0.0	0.0407
s__GGB3109_SGB4121	0.0	0.0	0.0	0.0	0.0	0.0	0.0	0.0	0.0	0.0	0.0	0.0	0.0	0.0	0.0	0.03686
s__GGB36351_SGB46902	0.0	0.0	0.0	0.0	0.0	0.0	0.0	0.0	0.0	0.0	0.0	0.0	0.0	0.0	0.0	0.02856
s__Bacteroides_SGB63885	0.0	0.0	0.0	0.0	0.0	0.0	0.0	0.0	0.0	0.0	0.0	0.0	0.0	0.0	0.0	0.02662
s__Carnobacterium_inhibens	0.0	0.0	0.0	0.0	0.0	0.0	0.0	0.0	0.0	0.0	0.0	0.0	0.0	0.0	0.0	0.01894
s__Leucobacter_sp_CX169	0.0	0.0	0.0	0.0	0.0	0.0	0.0	0.0	0.0	0.0	0.0	0.0	0.0	0.0	0.0	0.01875
s__Dorea_phocaeensis	0.0	0.0	0.0	0.0	0.0	0.0	0.0	0.0	0.0	0.0	0.0	0.0	0.0	0.0	0.0	0.01816
s__GGB15589_SGB98507	0.0	0.0	0.0	0.0	0.0	0.0	0.0	0.0	0.0	0.0	0.0	0.0	0.0	0.0	0.0	0.0168
s__Ruthenibacterium_lactatiformans	0.0	0.0	0.0	0.0	0.0	0.0	0.0	0.0	0.0	0.0	0.0	0.0	0.0	0.0	0.0	0.01671
s__GGB9491_SGB14888	0.0	0.0	0.0	0.0	0.0	0.0	0.0	0.0	0.0	0.0	0.0	0.0	0.0	0.0	0.0	0.01516
s__Carnobacterium_jeotgali	0.0	0.0	0.0	0.0	0.0	0.0	0.0	0.0	0.0	0.0	0.0	0.0	0.0	0.0	0.0	0.01515
s__GGB72037_SGB99102	0.0	0.0	0.0	0.0	0.0	0.0	0.0	0.0	0.0	0.0	0.0	0.0	0.0	0.0	0.0	0.01421
s__Simplicispira_psychrophila	0.0	0.0	0.0	0.0	0.0	0.0	0.0	0.0	0.0	0.0	0.0	0.0	0.0	0.0	0.0	0.01392
s__GGB9469_SGB14862	0.0	0.0	0.0	0.0	0.0	0.0	0.0	0.0	0.0	0.0	0.0	0.0	0.0	0.0	0.0	0.01112
s__GGB4248_SGB5746	0.0	0.0	0.0	0.0	0.0	0.0	0.0	0.0	0.0	0.0	0.0	0.0	0.0	0.0	0.0	0.0104
s__Agathobaculum_desmolans	0.0	0.0	0.0	0.0	0.0	0.0	0.0	0.0	0.0	0.0	0.0	0.0	0.0	0.0	0.0	0.00969
s__GGB45559_SGB63246	0.0	0.0	0.0	0.0	0.0	0.0	0.0	0.0	0.0	0.0	0.0	0.0	0.0	0.0	0.0	0.00947
s__Pseudoflavonifractor_gallinarum	0.0	0.0	0.0	0.0	0.0	0.0	0.0	0.0	0.0	0.0	0.0	0.0	0.0	0.0	0.0	0.0078
s__GGB3576_SGB4784	0.0	0.0	0.0	0.0	0.0	0.0	0.0	0.0	0.0	0.0	0.0	0.0	0.0	0.0	0.0	0.00702
s__GGB42928_SGB123144	0.0	0.0	0.0	0.0	0.0	0.0	0.0	0.0	0.0	0.0	0.0	0.0	0.0	0.0	0.0	0.00474
s__Pseudomonas_sp_C27_2019	0.0	0.0	0.0	0.0	0.0	0.0	0.0	0.0	0.0	0.0	0.0	0.0	0.0	0.0	0.0	0.00435
s__Bacteroides_eggerthii	0.0	0.0	0.0	0.0	0.0	0.0	0.0	0.0	0.0	0.0	0.0	0.0	0.0	0.0	0.0	0.00402
s__Psychromonas_sp_SA13A	0.0	0.0	0.0	0.0	0.0	0.0	0.0	0.0	0.0	0.0	0.0	0.0	0.0	0.0	0.0	0.00276
s__Blautia_SGB59878	0.0	0.0	0.0	0.0	0.0	0.0	0.0	0.0	0.0	0.0	0.0	0.0	0.0	0.0	0.0	0.00232
s__GGB96189_SGB123146	0.0	0.0	0.0	0.0	0.0	0.0	0.0	0.0	0.0	0.0	0.0	0.0	0.0	0.0	0.0	0.00135
s__Phocaeicola_faecalis	0.0	0.0	0.0	0.0	0.0	0.0	0.0	0.0	0.0	0.0	0.0	0.0	0.0	0.0	0.0	0.00128
s__Clostridium_sp_AT4	0.0	0.0	0.0	0.0	0.0	0.0	0.0	0.0	0.0	0.0	0.0	0.0	0.0	0.0	0.0	0.00084
s__Shewanella_glacialipiscicola	0.0	0.0	0.0	0.0	0.0	0.0	0.0	0.0	0.0	0.0	0.0	0.0	0.0	0.0	0.0	0.00083
